0 0.696875 0.4090056285178236 0.02375 0.04127579737335835
0 0.83375 0.6322701688555347 0.0575 0.10131332082551595
0 0.711875 0.6585365853658537 0.058750000000000004 0.0825515947467167
0 0.61125 0.5984990619136961 0.045 0.07879924953095685
0 0.501875 0.5956848030018762 0.06625 0.11819887429643527
0 0.44 0.5581613508442776 0.0425 0.06566604127579738
0 0.40125 0.5900562851782364 0.05 0.08818011257035648
0 0.385625 0.5375234521575984 0.03125 0.06191369606003752
0 0.33125 0.5544090056285178 0.055 0.07692307692307693
0 0.339375 0.5196998123827392 0.03375 0.052532833020637895
0 0.27125 0.5553470919324578 0.05 0.07879924953095685
0 0.20750000000000002 0.574108818011257 0.0425 0.052532833020637895
0 0.19375 0.5309568480300187 0.0325 0.0600375234521576
0 0.14625 0.6022514071294559 0.0925 0.1350844277673546
0 0.066875 0.5947467166979362 0.07125000000000001 0.11632270168855535
0 0.025625000000000002 0.5684803001876173 0.04875 0.07879924953095685
