0 0.06506849315068493 0.4795454545454545 0.0547945205479452 0.06818181818181818
0 0.125 0.4727272727272727 0.05136986301369863 0.07272727272727272
0 0.21746575342465752 0.4659090909090909 0.05136986301369863 0.06818181818181818
0 0.1917808219178082 0.4318181818181818 0.0410958904109589 0.05454545454545454
0 0.3270547945205479 0.3704545454545454 0.05136986301369863 0.06818181818181818
0 0.3065068493150685 0.45454545454545453 0.05136986301369863 0.08181818181818182
0 0.3578767123287671 0.23409090909090907 0.05136986301369863 0.06818181818181818
0 0.4708904109589041 0.3931818181818182 0.03767123287671233 0.049999999999999996
0 0.4691780821917808 0.5613636363636363 0.08904109589041095 0.1318181818181818
0 0.5428082191780822 0.7227272727272727 0.1267123287671233 0.19999999999999998
0 0.7568493150684931 0.8977272727272727 0.13013698630136986 0.17727272727272728
0 0.7123287671232876 0.5590909090909091 0.07534246575342465 0.11818181818181818
0 0.5856164383561644 0.4795454545454545 0.06164383561643835 0.10454545454545454
0 0.6780821917808219 0.375 0.06164383561643835 0.09545454545454544
0 0.726027397260274 0.43636363636363634 0.0547945205479452 0.09999999999999999
0 0.821917808219178 0.4727272727272727 0.0684931506849315 0.09090909090909091
0 0.8715753424657534 0.36818181818181817 0.05821917808219178 0.09090909090909091
0 0.9195205479452054 0.36363636363636365 0.04452054794520548 0.07272727272727272
0 0.7825342465753424 0.36363636363636365 0.030821917808219176 0.05454545454545454
0 0.7465753424657534 0.19545454545454544 0.04794520547945205 0.06363636363636363
