0 0.17500000000000002 0.48875 0.12000000000000001 0.20750000000000002
0 0.24500000000000002 0.40375 0.08666666666666667 0.1525
0 0.3016666666666667 0.36125 0.06333333333333334 0.1075
0 0.36083333333333334 0.3175 0.04166666666666667 0.07
0 0.36083333333333334 0.28 0.035 0.055
0 0.3975 0.27625 0.035 0.0575
0 0.4675 0.26375 0.021666666666666667 0.0325
0 0.5425 0.26875 0.03166666666666667 0.0525
0 0.5616666666666666 0.34625 0.06333333333333334 0.0975
0 0.6491666666666667 0.3925 0.055 0.135
0 0.7241666666666667 0.4675 0.095 0.185
0 0.7166666666666667 0.30625 0.043333333333333335 0.0675
0 0.66 0.29375 0.030000000000000002 0.0525
0 0.7000000000000001 0.26875 0.02 0.0425
0 0.6741666666666667 0.24 0.021666666666666667 0.035
0 0.7575000000000001 0.2575 0.015000000000000001 0.03
0 0.7883333333333333 0.27875 0.023333333333333334 0.0475
0 0.8566666666666667 0.18 0.05 0.08
0 0.8450000000000001 0.3425 0.06666666666666667 0.12
0 0.8925000000000001 0.29625 0.035 0.0775
0 0.9466666666666668 0.29125 0.03333333333333333 0.0575
0 0.9766666666666667 0.405 0.043333333333333335 0.12
0 0.9875 0.3 0.025 0.065
