0 0.29339477726574503 0.2542579075425791 0.027649769585253454 0.05596107055961071
0 0.16973886328725038 0.40875912408759124 0.059907834101382486 0.10218978102189781
0 0.21351766513056836 0.38442822384428227 0.043010752688172046 0.07785888077858881
0 0.347926267281106 0.4416058394160584 0.07219662058371736 0.10948905109489052
0 0.4969278033794163 0.5608272506082725 0.14592933947772657 0.2846715328467153
0 0.6052227342549923 0.4781021897810219 0.11367127496159754 0.18248175182481752
0 0.5368663594470046 0.3832116788321168 0.03840245775729647 0.06082725060827251
0 0.652073732718894 0.3832116788321168 0.029185867895545316 0.05596107055961071
0 0.6551459293394777 0.34306569343065696 0.03225806451612903 0.04866180048661801
0 0.6820276497695853 0.378345498783455 0.039938556067588324 0.06569343065693431
0 0.7181259600614439 0.3746958637469586 0.041474654377880185 0.06326034063260341
0 0.7980030721966206 0.3795620437956205 0.05069124423963134 0.09245742092457421
0 0.84715821812596 0.4781021897810219 0.13978494623655913 0.23600973236009734
0 0.967741935483871 0.3953771289537713 0.05837173579109063 0.09975669099756691
