0 0.14906250000000001 0.32666666666666666 0.088125 0.18
0 0.123125 0.8027777777777778 0.09875 0.19666666666666666
0 0.2940625 0.6938888888888889 0.08687500000000001 0.15222222222222223
0 0.33125 0.2966666666666667 0.0825 0.17555555555555555
0 0.25625 0.22833333333333333 0.0825 0.1811111111111111
0 0.429375 0.18 0.06875 0.14444444444444443
0 0.42562500000000003 0.47444444444444445 0.09375 0.22444444444444445
0 0.563125 0.46055555555555555 0.09375 0.21444444444444444
0 0.6909375 0.42777777777777776 0.091875 0.21777777777777776
0 0.6709375 0.24222222222222223 0.083125 0.15555555555555556
0 0.5771875 0.22944444444444445 0.093125 0.1922222222222222
0 0.826875 0.13666666666666666 0.10250000000000001 0.21555555555555556
0 0.925625 0.2638888888888889 0.08750000000000001 0.20555555555555555
