0 0.09825673534072901 0.6046153846153847 0.08082408874801902 0.1723076923076923
0 0.04239302694136292 0.5461538461538461 0.05467511885895404 0.09538461538461539
0 0.13748019017432647 0.4723076923076923 0.05467511885895404 0.09230769230769231
0 0.11251980982567354 0.44384615384615383 0.0364500792393027 0.07230769230769231
0 0.08003169572107766 0.38384615384615384 0.04120443740095087 0.06923076923076923
0 0.049128367670364506 0.36 0.02694136291600634 0.052307692307692305
0 0.05903328050713154 0.30615384615384617 0.022979397781299524 0.046153846153846156
0 0.12876386687797148 0.37384615384615383 0.030903328050713157 0.05846153846153846
0 0.17036450079239304 0.4023076923076923 0.03486529318541997 0.06615384615384616
0 0.21315372424722664 0.38 0.02377179080824089 0.052307692307692305
0 0.2480190174326466 0.46 0.039619651347068144 0.07384615384615384
0 0.21870047543581617 0.5253846153846153 0.05705229793977813 0.10923076923076923
0 0.35618066561014267 0.8338461538461538 0.13549920760697307 0.2523076923076923
0 0.5170364500792394 0.7815384615384615 0.09587955625990492 0.18153846153846154
0 0.4873217115689382 0.5538461538461539 0.06339144215530904 0.14153846153846153
0 0.44809825673534076 0.4707692307692308 0.03724247226624406 0.07076923076923076
0 0.3581616481774961 0.6207692307692307 0.06814580031695722 0.1646153846153846
0 0.33637083993660855 0.4946153846153846 0.046751188589540416 0.09076923076923077
0 0.3672741679873217 0.4346153846153846 0.03565768621236133 0.06615384615384616
0 0.37163232963549925 0.4023076923076923 0.03328050713153724 0.06
0 0.35974643423137875 0.3576923076923077 0.022187004754358162 0.05076923076923077
0 0.2995245641838352 0.42615384615384616 0.028526148969889066 0.06153846153846154
0 0.24881141045958796 0.3976923076923077 0.02694136291600634 0.06
0 0.23335974643423138 0.3553846153846154 0.022979397781299524 0.043076923076923075
0 0.28961965134706813 0.3646153846153846 0.0213946117274168 0.046153846153846156
0 0.3145800316957211 0.3869230769230769 0.020602218700475437 0.04461538461538461
0 0.3256735340729002 0.3676923076923077 0.020602218700475437 0.043076923076923075
0 0.4429477020602219 0.40076923076923077 0.025356576862123614 0.047692307692307694
0 0.5182250396196514 0.42846153846153845 0.03328050713153724 0.06615384615384616
0 0.56973058637084 0.5092307692307693 0.05229793977812995 0.12307692307692308
0 0.6291600633914421 0.4753846153846154 0.0364500792393027 0.08
0 0.6937400950871633 0.4869230769230769 0.05784469096671949 0.12461538461538461
0 0.7254358161648178 0.686923076923077 0.09112519809825674 0.18307692307692308
0 0.7884310618066561 0.6215384615384615 0.07765451664025357 0.14769230769230768
0 0.8898573692551506 0.5907692307692307 0.06656101426307448 0.14461538461538462
0 0.8854992076069731 0.4969230769230769 0.046751188589540416 0.08
0 0.9326465927099842 0.47307692307692306 0.049128367670364506 0.09384615384615384
0 0.9805863708399366 0.45384615384615384 0.03882725832012678 0.06769230769230769
0 0.9730586370839936 0.40692307692307694 0.03486529318541997 0.07846153846153846
0 0.8775752773375595 0.4230769230769231 0.029318541996830427 0.06769230769230769
0 0.811014263074485 0.4330769230769231 0.029318541996830427 0.06615384615384616
0 0.8391442155309033 0.4376923076923077 0.03169572107765452 0.06
0 0.8351822503961965 0.3930769230769231 0.02694136291600634 0.05384615384615385
0 0.7947702060221871 0.4046153846153846 0.030110935023771792 0.06153846153846154
0 0.7729793977812995 0.47923076923076924 0.046751188589540416 0.08153846153846153
0 0.7559429477020603 0.44076923076923075 0.03328050713153724 0.06615384615384616
0 0.7539619651347068 0.39076923076923076 0.029318541996830427 0.055384615384615386
0 0.722662440570523 0.38 0.025356576862123614 0.03076923076923077
0 0.7179080824088748 0.4169230769230769 0.030110935023771792 0.05846153846153846
0 0.6426307448494454 0.42153846153846153 0.025356576862123614 0.055384615384615386
0 0.6200475435816165 0.3730769230769231 0.0213946117274168 0.04461538461538461
0 0.6315372424722663 0.3553846153846154 0.020602218700475437 0.04
0 0.597068145800317 0.40076923076923077 0.027733755942947705 0.047692307692307694
0 0.5503169572107766 0.40307692307692305 0.027733755942947705 0.055384615384615386
0 0.5669572107765452 0.3630769230769231 0.01664025356576862 0.046153846153846156
0 0.5832012678288432 0.3730769230769231 0.017432646592709985 0.047692307692307694
0 0.5305071315372425 0.36923076923076925 0.022979397781299524 0.046153846153846156
0 0.49286846275752777 0.38769230769230767 0.02694136291600634 0.04923076923076923
0 0.49326465927099844 0.35384615384615387 0.022979397781299524 0.04
