0 0.13708333333333333 0.5425950196592398 0.09916666666666667 0.17038007863695936
0 0.09166666666666667 0.5150720838794234 0.08833333333333333 0.14941022280471822
0 0.19708333333333333 0.5353866317169069 0.06583333333333334 0.14285714285714285
0 0.24833333333333335 0.6487549148099607 0.04833333333333334 0.0891218872870249
0 0.34708333333333335 0.6559633027522935 0.050833333333333335 0.08781127129750983
0 0.3854166666666667 0.5642201834862386 0.0825 0.1349934469200524
0 0.43083333333333335 0.5596330275229358 0.09000000000000001 0.15727391874180865
0 0.5 0.2804718217562254 0.07666666666666667 0.14941022280471822
0 0.5891666666666667 0.5583224115334207 0.13333333333333333 0.22804718217562253
0 0.6645833333333334 0.5137614678899083 0.0625 0.13368283093053734
0 0.7158333333333334 0.5563564875491481 0.06666666666666667 0.13761467889908258
0 0.7929166666666667 0.5373525557011796 0.12416666666666668 0.21231979030144169
0 0.9370833333333334 0.5399737876802096 0.12583333333333335 0.22804718217562253
