0 0.051457975986277875 0.3802083333333333 0.06174957118353345 0.07291666666666666
0 0.02830188679245283 0.34765625 0.04974271012006861 0.08072916666666666
0 0.13807890222984562 0.4075520833333333 0.07375643224699828 0.11197916666666666
0 0.21612349914236706 0.48046875 0.11663807890222984 0.12239583333333333
0 0.48542024013722124 0.7669270833333333 0.22641509433962265 0.3723958333333333
0 0.5085763293310464 0.4231770833333333 0.07032590051457976 0.1015625
0 0.37221269296740994 0.3684895833333333 0.044596912521440824 0.0703125
0 0.3507718696397942 0.33072916666666663 0.03945111492281304 0.05208333333333333
0 0.2915951972555746 0.33984375 0.048027444253859346 0.07552083333333333
0 0.22384219554030874 0.3294270833333333 0.04288164665523156 0.0703125
0 0.2915951972555746 0.26171875 0.030874785591766724 0.049479166666666664
0 0.34991423670668953 0.265625 0.024013722126929673 0.041666666666666664
0 0.4322469982847341 0.30729166666666663 0.048027444253859346 0.057291666666666664
0 0.44339622641509435 0.24609375 0.022298456260720412 0.0390625
0 0.4862778730703259 0.3138020833333333 0.02915951972555746 0.04427083333333333
0 0.5591766723842195 0.3606770833333333 0.03773584905660377 0.05989583333333333
0 0.5728987993138936 0.3255208333333333 0.0274442538593482 0.046875
0 0.548885077186964 0.31510416666666663 0.024013722126929673 0.041666666666666664
0 0.6123499142367067 0.30338541666666663 0.024013722126929673 0.033854166666666664
0 0.6200686106346484 0.32291666666666663 0.02915951972555746 0.041666666666666664
0 0.6638078902229846 0.33854166666666663 0.03430531732418525 0.05208333333333333
0 0.6612349914236707 0.38671875 0.05317324185248713 0.07552083333333333
0 0.6758147512864494 0.3020833333333333 0.030874785591766724 0.03645833333333333
0 0.7487135506003431 0.47916666666666663 0.104631217838765 0.14583333333333331
0 0.8584905660377359 0.3984375 0.06689536878216124 0.11458333333333333
0 0.8421955403087479 0.31119791666666663 0.041166380789022294 0.07552083333333333
0 0.9408233276157805 0.37109375 0.06689536878216124 0.09114583333333333
0 0.9768439108061749 0.33072916666666663 0.04288164665523156 0.06770833333333333
0 0.7795883361921098 0.3255208333333333 0.04288164665523156 0.078125
0 0.7238421955403087 0.3203125 0.030874785591766724 0.046875
0 0.7530017152658662 0.31119791666666663 0.030874785591766724 0.04427083333333333
