0 0.03 0.698780487804878 0.05272727272727273 0.11951219512195121
0 0.023636363636363636 0.7780487804878049 0.04363636363636364 0.11219512195121951
0 0.05818181818181818 0.6109756097560975 0.08727272727272728 0.11951219512195121
0 0.41909090909090907 0.9121951219512195 0.18727272727272729 0.17560975609756097
0 0.16818181818181818 0.5780487804878048 0.06363636363636363 0.09268292682926829
0 0.21818181818181817 0.5682926829268292 0.05454545454545454 0.09268292682926829
0 0.18636363636363637 0.5195121951219512 0.05272727272727273 0.058536585365853655
0 0.2081818181818182 0.49634146341463414 0.045454545454545456 0.05609756097560976
0 0.09818181818181818 0.46707317073170734 0.025454545454545455 0.041463414634146344
0 0.11272727272727273 0.46219512195121953 0.02181818181818182 0.041463414634146344
0 0.12545454545454546 0.45 0.01818181818181818 0.026829268292682926
0 0.1481818181818182 0.37926829268292683 0.016363636363636365 0.03170731707317073
0 0.17454545454545456 0.37317073170731707 0.02181818181818182 0.03414634146341464
0 0.5581818181818182 0.3695121951219512 0.03272727272727273 0.05609756097560976
0 0.8854545454545455 0.2646341463414634 0.04363636363636364 0.06097560975609756
