0 0.017470881863560734 0.46508728179551123 0.03161397670549085 0.062344139650872814
0 0.11896838602329451 0.48004987531172066 0.04492512479201331 0.06733167082294264
0 0.16472545757071547 0.4775561097256858 0.04326123128119801 0.08728179551122195
0 0.23211314475873546 0.4463840399002494 0.04159733777038269 0.059850374064837904
0 0.26039933444259566 0.5087281795511222 0.051580698835274545 0.08478802992518703
0 0.30948419301164726 0.5087281795511222 0.04658901830282862 0.08478802992518703
0 0.2945091514143095 0.4301745635910224 0.033277870216306155 0.04738154613466334
0 0.34775374376039936 0.45885286783042395 0.04326123128119801 0.06982543640897755
0 0.4242928452579035 0.4675810473815461 0.036605657237936774 0.06733167082294264
0 0.4750415973377704 0.4089775561097257 0.021630615640599003 0.04488778054862843
0 0.45341098169717137 0.4002493765586035 0.021630615640599003 0.04239401496259351
0 0.49916805324459235 0.46384039900249374 0.036605657237936774 0.07481296758104738
0 0.4933444259567388 0.41147132169576056 0.021630615640599003 0.034912718204488775
0 0.5241264559068219 0.39650872817955113 0.02329450915141431 0.034912718204488775
0 0.5399334442595674 0.4513715710723192 0.03161397670549085 0.05486284289276808
0 0.5623960066555741 0.4314214463840399 0.026622296173044926 0.05486284289276808
0 0.5873544093178037 0.49625935162094764 0.04658901830282862 0.08977556109725686
0 0.632279534109817 0.45012468827930174 0.033277870216306155 0.05236907730673317
0 0.627287853577371 0.41147132169576056 0.026622296173044926 0.0399002493765586
0 0.5923460898502496 0.4014962593516209 0.02329450915141431 0.0399002493765586
0 0.6314475873544093 0.3790523690773067 0.021630615640599003 0.029925187032418952
0 0.6797004991680533 0.39650872817955113 0.021630615640599003 0.0399002493765586
0 0.7046589018302829 0.4089775561097257 0.03161397670549085 0.059850374064837904
0 0.6938435940099834 0.37531172069825436 0.019966722129783693 0.032418952618453865
0 0.7628951747088186 0.40648379052369077 0.02495840266222962 0.04488778054862843
0 0.7562396006655574 0.4763092269326683 0.04492512479201331 0.0798004987531172
0 0.7728785357737105 0.5211970074812967 0.05490848585690516 0.09476309226932668
0 0.8128119800332779 0.43516209476309226 0.04159733777038269 0.06733167082294264
0 0.8219633943427621 0.3877805486284289 0.029950083194675542 0.032418952618453865
0 0.8743760399334443 0.42643391521197005 0.03826955074875208 0.06483790523690773
0 0.8785357737104825 0.3765586034912718 0.02329450915141431 0.034912718204488775
0 0.8910149750415973 0.3690773067331671 0.018302828618968387 0.034912718204488775
0 0.9093178036605657 0.4538653366583541 0.048252911813643926 0.09476309226932668
0 0.9434276206322796 0.4014962593516209 0.029950083194675542 0.04987531172069826
0 0.9833610648918469 0.4164588528678304 0.026622296173044926 0.05486284289276808
