0 0.067 0.4503424657534246 0.13 0.2842465753424657
0 0.116 0.375 0.032 0.06506849315068493
0 0.153 0.4006849315068493 0.046 0.08904109589041095
0 0.20800000000000002 0.43493150684931503 0.068 0.1232876712328767
0 0.25 0.4914383561643835 0.044 0.11986301369863013
0 0.231 0.6472602739726027 0.078 0.15753424657534246
0 0.289 0.4366438356164383 0.042 0.07876712328767123
0 0.291 0.386986301369863 0.026000000000000002 0.04794520547945205
0 0.318 0.4160958904109589 0.028 0.06506849315068493
0 0.34600000000000003 0.4417808219178082 0.04 0.08904109589041095
0 0.367 0.3886986301369863 0.026000000000000002 0.05136986301369863
0 0.405 0.4246575342465753 0.034 0.06164383561643835
0 0.46 0.4263698630136986 0.036000000000000004 0.07191780821917808
0 0.493 0.4366438356164383 0.03 0.05821917808219178
0 0.535 0.44691780821917804 0.038 0.06506849315068493
0 0.532 0.4948630136986301 0.044 0.08561643835616438
0 0.587 0.44863013698630133 0.034 0.07534246575342465
0 0.644 0.4640410958904109 0.032 0.05821917808219178
0 0.656 0.5034246575342466 0.04 0.0684931506849315
0 0.681 0.4400684931506849 0.03 0.05821917808219178
0 0.682 0.375 0.032 0.06506849315068493
0 0.774 0.26883561643835613 0.044 0.11301369863013698
0 0.881 0.3458904109589041 0.03 0.06164383561643835
0 0.23700000000000002 0.40410958904109584 0.026000000000000002 0.0547945205479452
0 0.21 0.3681506849315068 0.032 0.04452054794520548
