0 0.18875 0.54625 0.12416666666666668 0.225
0 0.09291666666666668 0.416875 0.08083333333333334 0.14375000000000002
0 0.07541666666666667 0.324375 0.07083333333333333 0.09375
0 0.20125 0.35000000000000003 0.0575 0.085
0 0.2325 0.299375 0.04166666666666667 0.058750000000000004
0 0.30625 0.32375 0.050833333333333335 0.075
0 0.30291666666666667 0.405 0.06916666666666667 0.125
0 0.41875 0.381875 0.05416666666666667 0.10375000000000001
0 0.47750000000000004 0.45687500000000003 0.095 0.17875
0 0.41250000000000003 0.273125 0.03166666666666667 0.07125000000000001
0 0.4466666666666667 0.28500000000000003 0.03166666666666667 0.0575
0 0.4879166666666667 0.325625 0.037500000000000006 0.06375
0 0.5175000000000001 0.28750000000000003 0.03166666666666667 0.055
0 0.5554166666666667 0.314375 0.03416666666666667 0.06875
0 0.6375000000000001 0.42625 0.08166666666666667 0.1375
0 0.6216666666666667 0.336875 0.04 0.07125000000000001
0 0.63 0.2975 0.03166666666666667 0.05
0 0.6875 0.335 0.04 0.07
0 0.7554166666666667 0.320625 0.030833333333333334 0.06625
0 0.7987500000000001 0.328125 0.037500000000000006 0.06375
0 0.8387500000000001 0.3875 0.0575 0.095
0 0.9008333333333334 0.385 0.058333333333333334 0.1075
