0 0.06 0.326 0.064 0.16
0 0.114 0.332 0.08 0.16
0 0.226 0.323 0.08 0.186
0 0.3085 0.277 0.109 0.226
0 0.397 0.358 0.12 0.248
0 0.557 0.326 0.148 0.336
0 0.658 0.163 0.05 0.126
0 0.732 0.20500000000000002 0.07200000000000001 0.15
0 0.8735 0.355 0.233 0.5740000000000001
0 0.9275 0.078 0.063 0.132
0 0.8170000000000001 0.049 0.036000000000000004 0.078
0 0.681 0.082 0.042 0.096
0 0.6005 0.055 0.031 0.078
0 0.5515 0.044 0.031 0.06
0 0.5145 0.057 0.027 0.058
0 0.47850000000000004 0.097 0.027 0.058
0 0.438 0.10400000000000001 0.036000000000000004 0.08
0 0.3435 0.14200000000000002 0.035 0.084
0 0.33 0.113 0.03 0.058
0 0.359 0.107 0.026000000000000002 0.062
0 0.28300000000000003 0.124 0.026000000000000002 0.064
0 0.23800000000000002 0.167 0.038 0.066
0 0.2315 0.114 0.033 0.064
0 0.1535 0.159 0.037 0.074
0 0.105 0.193 0.038 0.082
0 0.08 0.17400000000000002 0.032 0.064
0 0.0245 0.158 0.033 0.064
