0 0.11648177496038035 0.3878406708595388 0.07448494453248812 0.10062893081761007
0 0.24088748019017434 0.469601677148847 0.07606973058637084 0.10482180293501049
0 0.3185419968304279 0.44654088050314467 0.05071315372424723 0.06708595387840671
0 0.2527733755942948 0.2861635220125786 0.014263074484944533 0.02725366876310273
0 0.2908082408874802 0.3532494758909853 0.03328050713153724 0.04402515723270441
0 0.33438985736925514 0.34067085953878407 0.01901743264659271 0.03563941299790357
0 0.3621236133122029 0.3438155136268344 0.03328050713153724 0.04612159329140461
0 0.4128367670364501 0.350104821802935 0.030110935023771792 0.04612159329140461
0 0.45641838351822506 0.29979035639413 0.022187004754358162 0.033542976939203356
0 0.5110935023771791 0.31027253668763105 0.020602218700475437 0.03773584905660378
0 0.5966719492868463 0.2830188679245283 0.02377179080824089 0.033542976939203356
0 0.6735340729001585 0.29140461215932917 0.025356576862123614 0.04612159329140461
0 0.7892234548335975 0.350104821802935 0.03486529318541997 0.050314465408805034
0 0.8399366085578447 0.40146750524109015 0.06973058637083994 0.09433962264150944
0 0.9041204437400951 0.31027253668763105 0.03328050713153724 0.06289308176100629
0 0.9326465927099842 0.3176100628930818 0.03328050713153724 0.04821802935010482
0 0.927892234548336 0.39937106918238996 0.05546751188589541 0.0859538784067086
0 0.9825673534072901 0.409853249475891 0.03169572107765452 0.10272536687631027
0 0.9072900158478606 0.5178197064989518 0.09033280507131537 0.12159329140461217
0 0.7076069730586371 0.59958071278826 0.12202852614896989 0.18448637316561844
0 0.49128367670364503 0.5985324947589099 0.1045958795562599 0.17819706498951782
0 0.4746434231378764 0.39727463312368977 0.05546751188589541 0.0859538784067086
0 0.5673534072900158 0.39412997903563946 0.05071315372424723 0.07966457023060797
0 0.5919175911251982 0.36058700209643607 0.039619651347068144 0.050314465408805034
