0 0.4505420054200542 0.2924037460978148 0.2222222222222222 0.3558792924037461
0 0.7269647696476965 0.7101977107180022 0.09349593495934959 0.1737773152965661
0 0.7411924119241192 0.6123829344432883 0.07452574525745258 0.13215400624349638
0 0.6588753387533876 0.5598335067637877 0.0508130081300813 0.09157127991675339
0 0.665650406504065 0.508324661810614 0.06029810298102981 0.09053069719042665
0 0.6470189701897019 0.4526534859521332 0.04742547425474255 0.0749219562955255
0 0.5914634146341463 0.45733610822060355 0.03387533875338753 0.06139438085327784
0 0.5752032520325203 0.4240374609781478 0.028455284552845527 0.053069719042663895
0 0.5440379403794038 0.43340270551508847 0.036585365853658534 0.06347554630593133
0 0.6199186991869918 0.41415192507804377 0.03116531165311653 0.052029136316337155
0 0.6890243902439024 0.45733610822060355 0.03523035230352303 0.059313215400624356
0 0.7245934959349594 0.4854318418314256 0.048102981029810296 0.09053069719042665
0 0.6964769647696477 0.41935483870967744 0.02981029810298103 0.04786680541103018
0 0.7157859078590786 0.40478668054110306 0.025067750677506776 0.052029136316337155
0 0.7686314363143631 0.5088449531737773 0.041327913279132794 0.0894901144640999
0 0.8529810298102981 0.540582726326743 0.06639566395663957 0.1259105098855359
0 0.9654471544715447 0.5858480749219563 0.06910569105691057 0.13111342351716962
0 0.9623983739837398 0.7029136316337149 0.07520325203252033 0.186264308012487
0 0.9183604336043361 0.5634755463059313 0.07249322493224933 0.1300728407908429
0 0.9288617886178862 0.4937565036420396 0.051490514905149054 0.07596253902185224
0 0.9789972899728997 0.5130072840790844 0.04065040650406504 0.0749219562955255
0 0.9515582655826558 0.44484911550468265 0.03184281842818428 0.05515088449531738
0 0.8821138211382114 0.47606659729448497 0.04607046070460705 0.08012486992715921
0 0.8851626016260162 0.42091571279916756 0.025067750677506776 0.042663891779396466
0 0.8309620596205962 0.4464099895941728 0.029132791327913278 0.06867845993756504
0 0.8448509485094851 0.40790842872008326 0.024390243902439025 0.043704474505723206
0 0.8167344173441734 0.39594172736732575 0.023712737127371274 0.053069719042663895
0 0.8086043360433605 0.4427679500520292 0.027777777777777776 0.042663891779396466
0 0.7787940379403794 0.43288241415192513 0.022357723577235773 0.041623309053069726
0 0.7869241192411924 0.4110301768990635 0.02100271002710027 0.03121748178980229
0 0.7632113821138211 0.41415192507804377 0.02100271002710027 0.03329864724245578
0 0.7560975609756098 0.38449531737773157 0.02032520325203252 0.030176899063475548
0 0.17344173441734417 0.7809573361082207 0.1111111111111111 0.1883454734651405
0 0.036585365853658534 0.8033298647242456 0.06504065040650406 0.22476586888657651
0 0.12533875338753386 0.5639958376690948 0.07452574525745258 0.14151925078043706
0 0.1893631436314363 0.6508844953173778 0.10636856368563685 0.15088449531737774
0 0.23949864498644988 0.504162330905307 0.08197831978319783 0.11758584807492196
0 0.0755420054200542 0.49063475546305935 0.061653116531165314 0.09677419354838711
0 0.0247289972899729 0.5291363163371489 0.048102981029810296 0.1279916753381894
0 0.1155149051490515 0.4151925078043705 0.03319783197831978 0.07075962539021853
0 0.16531165311653118 0.45005202913631637 0.04200542005420054 0.0676378772112383
0 0.20663956639566394 0.4365244536940687 0.03252032520325203 0.06347554630593133
0 0.23407859078590787 0.4183142559833507 0.034552845528455285 0.05411030176899064
0 0.2733739837398374 0.47398543184183145 0.04539295392953929 0.10093652445369408
0 0.31639566395663954 0.4396462018730489 0.03252032520325203 0.06139438085327784
0 0.27303523035230354 0.4053069719042664 0.03252032520325203 0.06347554630593133
0 0.2903116531165312 0.38813735691987516 0.029132791327913278 0.04994797086368367
0 0.3404471544715447 0.37929240374609785 0.026422764227642278 0.042663891779396466
0 0.24932249322493225 0.38657648283038504 0.03252032520325203 0.04890738813735693
0 0.2130758807588076 0.3818938605619147 0.03861788617886179 0.05411030176899064
0 0.18055555555555555 0.39542143600416235 0.029132791327913278 0.043704474505723206
0 0.1663279132791328 0.3522372528616025 0.027777777777777776 0.03433922996878252
0 0.1480352303523035 0.37981269510926124 0.023712737127371274 0.03746097814776275
0 0.11415989159891599 0.36680541103017694 0.023712737127371274 0.03850156087408949
0 0.10331978319783197 0.34651404786680545 0.029132791327913278 0.03746097814776275
0 0.08536585365853659 0.3850156087408949 0.02981029810298103 0.041623309053069726
0 0.06537940379403794 0.37096774193548393 0.023712737127371274 0.05098855359001041
0 0.024051490514905148 0.3803329864724246 0.03184281842818428 0.053069719042663895
0 0.022696476964769646 0.33870967741935487 0.026422764227642278 0.042663891779396466
0 0.07283197831978319 0.43756503642039546 0.03590785907859079 0.05098855359001041
