0 0.05961538461538462 0.44423076923076926 0.05384615384615385 0.11923076923076924
0 0.016346153846153847 0.42692307692307696 0.028846153846153848 0.13076923076923078
0 0.1576923076923077 0.4826923076923077 0.06923076923076923 0.15000000000000002
0 0.23173076923076924 0.6076923076923078 0.13653846153846155 0.2076923076923077
0 0.1451923076923077 0.37115384615384617 0.028846153846153848 0.06538461538461539
0 0.17307692307692307 0.3615384615384616 0.026923076923076925 0.07692307692307693
0 0.22980769230769232 0.38461538461538464 0.04423076923076923 0.08461538461538462
0 0.2586538461538462 0.3653846153846154 0.028846153846153848 0.07692307692307693
0 0.3057692307692308 0.4173076923076923 0.04230769230769231 0.08846153846153847
0 0.31730769230769235 0.34615384615384615 0.03076923076923077 0.07692307692307693
0 0.3576923076923077 0.36730769230769234 0.03076923076923077 0.08076923076923077
0 0.37403846153846154 0.33269230769230773 0.021153846153846155 0.05
0 0.4105769230769231 0.4346153846153846 0.04423076923076923 0.1076923076923077
0 0.44038461538461543 0.37115384615384617 0.03076923076923077 0.07307692307692308
0 0.4221153846153846 0.3403846153846154 0.021153846153846155 0.05
0 0.48365384615384616 0.33653846153846156 0.025 0.08076923076923077
0 0.49423076923076925 0.31923076923076926 0.023076923076923078 0.06153846153846154
0 0.5211538461538462 0.45 0.06153846153846154 0.13846153846153847
0 0.5605769230769231 0.4076923076923077 0.03653846153846154 0.08461538461538462
0 0.5711538461538462 0.375 0.026923076923076925 0.057692307692307696
0 0.5653846153846154 0.3384615384615385 0.023076923076923078 0.038461538461538464
0 0.5701923076923078 0.3230769230769231 0.021153846153846155 0.05384615384615385
0 0.6413461538461539 0.31730769230769235 0.025 0.057692307692307696
0 0.6673076923076924 0.33269230769230773 0.023076923076923078 0.057692307692307696
0 0.6721153846153847 0.375 0.021153846153846155 0.07307692307692308
0 0.701923076923077 0.4076923076923077 0.04230769230769231 0.11538461538461539
0 0.7326923076923078 0.33461538461538465 0.023076923076923078 0.06153846153846154
0 0.7730769230769231 0.36730769230769234 0.03076923076923077 0.06538461538461539
0 0.9019230769230769 0.19423076923076923 0.06923076923076923 0.1423076923076923
