0 0.5908333333333333 0.8250000000000001 0.08833333333333333 0.15
0 0.5975 0.6825 0.065 0.115
0 0.6325000000000001 0.5925 0.045000000000000005 0.07
0 0.655 0.5475 0.04 0.08
0 0.5641666666666667 0.5387500000000001 0.03166666666666667 0.0575
0 0.5325000000000001 0.58875 0.03833333333333334 0.0625
0 0.535 0.55625 0.03333333333333333 0.0525
0 0.45333333333333337 0.65625 0.06666666666666667 0.1125
0 0.4625 0.61625 0.04166666666666667 0.0675
0 0.4291666666666667 0.43625 0.018333333333333333 0.0375
0 0.37000000000000005 0.44 0.023333333333333334 0.04
0 0.4116666666666667 0.5275 0.02666666666666667 0.04
0 0.3458333333333334 0.5375 0.035 0.055
0 0.31083333333333335 0.55625 0.035 0.0525
0 0.28250000000000003 0.5650000000000001 0.045000000000000005 0.08
0 0.2325 0.55125 0.03166666666666667 0.0525
0 0.21583333333333335 0.57375 0.03833333333333334 0.0525
0 0.20916666666666667 0.525 0.03833333333333334 0.05
0 0.14166666666666666 0.63875 0.06333333333333334 0.0825
0 0.12833333333333335 0.57125 0.04 0.0575
0 0.15000000000000002 0.55625 0.03333333333333333 0.0525
0 0.07333333333333333 0.5425 0.03333333333333333 0.045
0 0.022500000000000003 0.58375 0.035 0.0625
0 0.2575 0.8775000000000001 0.11833333333333335 0.195
0 0.8116666666666668 0.5387500000000001 0.030000000000000002 0.0625
0 0.8375 0.54 0.03833333333333334 0.07
0 0.9175000000000001 0.6425 0.055 0.11
0 0.9566666666666668 0.65625 0.06333333333333334 0.1075
0 0.9766666666666667 0.59875 0.043333333333333335 0.0775
