0 0.08885941644562334 0.8528225806451613 0.0663129973474801 0.09274193548387097
0 0.09814323607427056 0.7943548387096774 0.04774535809018567 0.06451612903225806
0 0.1312997347480106 0.7419354838709677 0.05039787798408488 0.06451612903225806
0 0.18037135278514588 0.7056451612903225 0.042440318302387266 0.07258064516129031
0 0.03580901856763925 0.9334677419354839 0.0663129973474801 0.125
0 0.09681697612732094 0.9516129032258064 0.08222811671087532 0.0967741935483871
0 0.14986737400530503 0.8387096774193548 0.03978779840848806 0.08064516129032258
0 0.21352785145888592 0.8024193548387096 0.03978779840848806 0.08064516129032258
0 0.2519893899204244 0.7379032258064516 0.03183023872679045 0.056451612903225805
0 0.2612732095490716 0.6935483870967741 0.034482758620689655 0.056451612903225805
0 0.22015915119363394 0.8991935483870968 0.09018567639257294 0.11290322580645161
0 0.2679045092838196 0.9516129032258064 0.042440318302387266 0.07258064516129031
0 0.33421750663129973 0.7237903225806451 0.042440318302387266 0.07661290322580645
0 0.36604774535809015 0.6733870967741935 0.02652519893899204 0.04032258064516129
0 0.4734748010610079 0.6068548387096774 0.034482758620689655 0.06048387096774194
0 0.4469496021220159 0.8629032258064516 0.055702917771883284 0.10483870967741934
0 0.5649867374005305 0.8850806451612903 0.05305039787798408 0.09274193548387097
0 0.6326259946949602 0.8911290322580645 0.06100795755968169 0.10483870967741934
0 0.616710875331565 0.5544354838709677 0.05039787798408488 0.06854838709677419
0 0.8408488063660478 0.8931451612903225 0.10079575596816975 0.17338709677419353
