0 0.06125 0.45131086142322097 0.0475 0.07865168539325842
0 0.25 0.47846441947565543 0.015 0.028089887640449437
0 0.29375 0.449438202247191 0.015 0.02247191011235955
0 0.305 0.5093632958801498 0.02 0.033707865168539325
0 0.29625 0.5121722846441947 0.01 0.02059925093632959
0 0.330625 0.5102996254681648 0.01875 0.031835205992509365
0 0.328125 0.4691011235955056 0.01625 0.031835205992509365
0 0.3525 0.5140449438202247 0.0175 0.03558052434456929
0 0.370625 0.5243445692883896 0.02375 0.04119850187265918
0 0.3925 0.5046816479400749 0.0175 0.03558052434456929
0 0.415625 0.5046816479400749 0.02125 0.04307116104868914
0 0.435625 0.5056179775280899 0.01625 0.0299625468164794
0 0.4525 0.5084269662921348 0.0225 0.04307116104868914
0 0.4875 0.5037453183520599 0.0225 0.03745318352059925
0 0.5125 0.5271535580524345 0.03 0.04681647940074907
0 0.561875 0.5102996254681648 0.01625 0.03558052434456929
0 0.579375 0.5168539325842697 0.02625 0.052434456928838954
0 0.6125 0.550561797752809 0.03 0.04868913857677903
0 0.649375 0.5355805243445693 0.03625 0.056179775280898875
0 0.641875 0.49719101123595505 0.02125 0.03932584269662921
0 0.670625 0.5149812734082397 0.02625 0.04119850187265918
0 0.6925 0.5028089887640449 0.0225 0.05056179775280899
0 0.7418750000000001 0.5271535580524345 0.043750000000000004 0.06928838951310862
0 0.724375 0.5065543071161048 0.02375 0.04307116104868914
0 0.786875 0.5 0.02875 0.052434456928838954
0 0.825625 0.5646067415730337 0.043750000000000004 0.08426966292134831
0 0.880625 0.5627340823970037 0.04875 0.08426966292134831
0 0.954375 0.5514981273408239 0.04125 0.06179775280898876
0 0.973125 0.5224719101123596 0.04125 0.056179775280898875
0 0.9275 0.4213483146067416 0.0275 0.04119850187265918
0 0.9081250000000001 0.42696629213483145 0.02125 0.033707865168539325
0 0.8562500000000001 0.5187265917602997 0.035 0.06367041198501873
0 0.806875 0.4419475655430712 0.01875 0.0299625468164794
0 0.8406250000000001 0.4297752808988764 0.02375 0.03558052434456929
0 0.788125 0.448501872659176 0.01875 0.031835205992509365
0 0.75625 0.4410112359550562 0.0325 0.05056179775280899
0 0.67125 0.4353932584269663 0.0175 0.031835205992509365
0 0.650625 0.448501872659176 0.01625 0.028089887640449437
0 0.619375 0.44475655430711614 0.01375 0.024344569288389514
0 0.604375 0.448501872659176 0.01375 0.024344569288389514
0 0.5825 0.449438202247191 0.015 0.02247191011235955
0 0.568125 0.45224719101123595 0.01875 0.028089887640449437
0 0.524375 0.4550561797752809 0.01125 0.02247191011235955
0 0.5231250000000001 0.43820224719101125 0.01375 0.018726591760299626
0 0.49125 0.4662921348314607 0.01 0.018726591760299626
0 0.455625 0.4681647940074906 0.01375 0.026217228464419477
0 0.46125 0.45224719101123595 0.015 0.031835205992509365
0 0.42562500000000003 0.448501872659176 0.01125 0.024344569288389514
0 0.40625 0.4691011235955056 0.0125 0.02059925093632959
0 0.37125 0.46441947565543074 0.01 0.02247191011235955
