0 0.02416666666666667 0.4168975069252078 0.021666666666666667 0.06371191135734072
0 0.02666666666666667 0.5041551246537396 0.02666666666666667 0.07756232686980609
0 0.08583333333333334 0.4168975069252078 0.035 0.05263157894736842
0 0.11916666666666667 0.4903047091412742 0.05166666666666667 0.0886426592797784
0 0.17250000000000001 0.42105263157894735 0.04166666666666667 0.0664819944598338
0 0.21833333333333335 0.6121883656509696 0.07 0.11080332409972299
0 0.28 0.4445983379501385 0.03666666666666667 0.05817174515235457
0 0.2866666666666667 0.41412742382271467 0.03666666666666667 0.05817174515235457
0 0.3408333333333334 0.5110803324099723 0.05166666666666667 0.09695290858725762
0 0.39333333333333337 0.4265927977839335 0.030000000000000002 0.04986149584487535
0 0.3983333333333334 0.6080332409972299 0.08 0.14127423822714683
0 0.52 0.5263157894736842 0.05333333333333334 0.10526315789473684
0 0.4783333333333334 0.4667590027700831 0.04 0.07479224376731301
0 0.6125 0.48614958448753465 0.04166666666666667 0.08033240997229917
0 0.6458333333333334 0.4376731301939058 0.03833333333333334 0.07202216066481995
0 0.6891666666666667 0.26454293628808867 0.04166666666666667 0.08033240997229917
0 0.8633333333333334 0.5623268698060941 0.060000000000000005 0.11634349030470914
0 0.8816666666666667 0.5249307479224377 0.05333333333333334 0.09141274238227147
0 0.8833333333333334 0.45706371191135736 0.04 0.07202216066481995
0 0.9650000000000001 0.7049861495844876 0.05 0.18559556786703602
