0 0.38583333333333336 0.2275 0.08166666666666667 0.13
0 0.32916666666666666 0.7325 0.10166666666666667 0.165
0 0.41833333333333333 0.4975 0.06666666666666667 0.105
0 0.48500000000000004 0.51125 0.07 0.1275
0 0.5941666666666667 0.665 0.11166666666666668 0.17
0 0.6266666666666667 0.535 0.08333333333333334 0.13
0 0.635 0.445 0.04666666666666667 0.075
0 0.5708333333333334 0.36875 0.04166666666666667 0.0625
0 0.5125000000000001 0.3675 0.04166666666666667 0.07
0 0.6125 0.32375 0.035 0.0625
0 0.6625000000000001 0.32 0.04166666666666667 0.075
0 0.7141666666666667 0.42875 0.058333333333333334 0.08750000000000001
0 0.7608333333333334 0.37875000000000003 0.058333333333333334 0.0925
0 0.8133333333333334 0.33375 0.03666666666666667 0.0525
0 0.7925000000000001 0.315 0.03166666666666667 0.05
0 0.8733333333333334 0.3325 0.030000000000000002 0.06
0 0.9133333333333334 0.37 0.030000000000000002 0.055
0 0.9316666666666668 0.34125 0.02666666666666667 0.0425
