0 0.04609375 0.875 0.08281250000000001 0.16666666666666669
0 0.140625 0.9 0.10625000000000001 0.2
0 0.23593750000000002 0.9347222222222222 0.08125 0.13055555555555556
0 0.2625 0.8625 0.08125 0.1527777777777778
0 0.16796875 0.7569444444444444 0.06406250000000001 0.125
0 0.1046875 0.725 0.053125000000000006 0.11111111111111112
0 0.22734375 0.7222222222222222 0.0484375 0.10555555555555556
0 0.34765625 0.7444444444444445 0.060937500000000006 0.11666666666666667
0 0.4234375 0.9361111111111111 0.08125 0.1277777777777778
0 0.496875 0.888888888888889 0.08125 0.15555555555555556
0 0.45234375000000004 0.7902777777777779 0.0765625 0.17500000000000002
0 0.5015625 0.7472222222222222 0.053125000000000006 0.11111111111111112
0 0.50546875 0.5291666666666667 0.051562500000000004 0.08055555555555556
0 0.6101562500000001 0.8125 0.0734375 0.13611111111111113
0 0.62265625 0.7111111111111111 0.0546875 0.10555555555555556
0 0.68359375 0.8041666666666667 0.0765625 0.14166666666666666
0 0.6796875 0.925 0.08750000000000001 0.15
0 0.7203125 0.7125 0.05 0.10833333333333334
0 0.7562500000000001 0.7486111111111111 0.05 0.10833333333333334
0 0.8093750000000001 0.7986111111111112 0.07187500000000001 0.13611111111111113
0 0.8359375 0.8194444444444445 0.078125 0.1388888888888889
