0 0.06454545454545454 0.7701949860724234 0.09636363636363636 0.1532033426183844
0 0.0890909090909091 0.6030640668523677 0.06545454545454546 0.09749303621169916
0 0.09545454545454546 0.5264623955431755 0.04181818181818182 0.06128133704735376
0 0.0890909090909091 0.44707520891364905 0.02909090909090909 0.04178272980501393
0 0.17727272727272728 0.4428969359331476 0.023636363636363636 0.027855153203342618
0 0.19 0.4233983286908078 0.02 0.033426183844011144
0 0.21454545454545454 0.46657381615598886 0.025454545454545455 0.04178272980501393
0 0.2545454545454545 0.5041782729805014 0.04363636363636364 0.06685236768802229
0 0.3245454545454545 0.5905292479108635 0.06727272727272728 0.10027855153203342
0 0.4218181818181818 0.7033426183844012 0.08363636363636363 0.15877437325905291
0 0.5072727272727273 0.5069637883008357 0.03272727272727273 0.055710306406685235
0 0.4254545454545455 0.467966573816156 0.02909090909090909 0.04456824512534819
0 0.45 0.44707520891364905 0.023636363636363636 0.04178272980501393
0 0.41363636363636364 0.42618384401114207 0.02 0.033426183844011144
0 0.37727272727272726 0.44986072423398327 0.03090909090909091 0.04178272980501393
0 0.3427272727272727 0.42479108635097496 0.02 0.03064066852367688
0 0.6436363636363637 0.5724233983286908 0.06181818181818182 0.09749303621169916
0 0.6572727272727272 0.467966573816156 0.03090909090909091 0.04456824512534819
0 0.6681818181818182 0.4387186629526462 0.023636363636363636 0.036211699164345405
0 0.5718181818181818 0.44986072423398327 0.02 0.04178272980501393
0 0.5936363636363636 0.44846796657381616 0.02 0.033426183844011144
0 0.7709090909090909 0.5598885793871866 0.04727272727272727 0.07799442896935933
0 0.7236363636363636 0.46657381615598886 0.025454545454545455 0.04178272980501393
0 0.8427272727272728 0.5069637883008357 0.045454545454545456 0.06128133704735376
0 0.9381818181818182 0.49303621169916434 0.04 0.055710306406685235
0 0.9609090909090909 0.7075208913649025 0.07818181818181819 0.15041782729805014
