0 0.069 0.6441441441441441 0.098 0.15315315315315314
0 0.064 0.4804804804804805 0.056 0.08408408408408408
0 0.02 0.4519519519519519 0.036000000000000004 0.08108108108108109
0 0.123 0.4339339339339339 0.046 0.06306306306306306
0 0.19 0.45495495495495497 0.044 0.06906906906906907
0 0.18 0.542042042042042 0.07200000000000001 0.1111111111111111
0 0.332 0.5015015015015015 0.052000000000000005 0.08408408408408408
0 0.231 0.4144144144144144 0.034 0.05405405405405406
0 0.29 0.42042042042042044 0.036000000000000004 0.05405405405405406
0 0.299 0.3813813813813814 0.034 0.04804804804804805
0 0.363 0.4084084084084084 0.034 0.05405405405405406
0 0.404 0.3768768768768769 0.028 0.04504504504504504
0 0.426 0.3963963963963964 0.028 0.04804804804804805
0 0.463 0.37537537537537535 0.022 0.036036036036036036
0 0.556 0.2897897897897898 0.032 0.06306306306306306
0 0.5700000000000001 0.4249249249249249 0.04 0.06306306306306306
0 0.47900000000000004 0.42792792792792794 0.046 0.057057057057057055
0 0.406 0.46996996996997 0.048 0.06906906906906907
0 0.321 0.5990990990990991 0.082 0.1111111111111111
0 0.28700000000000003 0.7942942942942943 0.13 0.1831831831831832
0 0.509 0.6231231231231231 0.078 0.14114114114114115
0 0.492 0.503003003003003 0.056 0.09309309309309309
0 0.534 0.47597597597597596 0.04 0.08708708708708708
0 0.537 0.4099099099099099 0.03 0.057057057057057055
0 0.653 0.4954954954954955 0.046 0.07207207207207207
0 0.592 0.5570570570570571 0.06 0.10510510510510511
0 0.755 0.6681681681681682 0.106 0.13513513513513514
0 0.64 0.9174174174174174 0.156 0.15915915915915915
0 0.755 0.5645645645645646 0.062 0.10810810810810811
0 0.803 0.536036036036036 0.046 0.08708708708708708
0 0.8210000000000001 0.46396396396396394 0.046 0.07507507507507508
0 0.8150000000000001 0.43093093093093093 0.038 0.04504504504504504
0 0.8280000000000001 0.4084084084084084 0.032 0.04204204204204204
0 0.683 0.44294294294294295 0.034 0.05105105105105105
0 0.66 0.4039039039039039 0.028 0.05105105105105105
0 0.716 0.4219219219219219 0.032 0.05105105105105105
0 0.74 0.41291291291291293 0.028 0.04504504504504504
0 0.738 0.25225225225225223 0.032 0.04804804804804805
