0 0.11320754716981132 0.35294117647058826 0.03937653814602133 0.07747489239598279
0 0.29368334700574245 0.19727403156384507 0.019688269073010665 0.05021520803443329
0 0.31870385561936015 0.20229555236728838 0.02543068088597211 0.04591104734576758
0 0.49876948318293685 0.18507890961262555 0.029532403609516 0.05738880918220947
0 0.5274815422477441 0.1477761836441894 0.024610336341263334 0.054519368723098996
0 0.5902378999179656 0.15710186513629842 0.027071369975389666 0.05882352941176471
0 0.622231337161608 0.15064562410329987 0.020508613617719443 0.05164992826398852
0 0.7071369975389664 0.1592539454806313 0.024610336341263334 0.05164992826398852
0 0.7534864643150123 0.21664275466284075 0.02871205906480722 0.06312769010043041
0 0.7042657916324857 0.28622668579626975 0.03855619360131255 0.0817790530846485
0 0.6501230516817064 0.2647058823529412 0.036915504511895 0.08464849354375897
