0 0.29583333333333334 0.4207407407407407 0.065 0.11555555555555555
0 0.3466666666666667 0.42518518518518517 0.04666666666666667 0.08592592592592592
0 0.39875000000000005 0.4311111111111111 0.03916666666666667 0.059259259259259255
0 0.4591666666666667 0.41777777777777775 0.05666666666666667 0.08888888888888888
0 0.50625 0.42148148148148146 0.0475 0.0874074074074074
0 0.24666666666666667 0.437037037037037 0.023333333333333334 0.04444444444444444
0 0.21791666666666668 0.42592592592592593 0.03416666666666667 0.05481481481481481
0 0.16666666666666669 0.4385185185185185 0.035 0.07407407407407407
0 0.18625 0.43555555555555553 0.025833333333333337 0.047407407407407405
0 0.13458333333333333 0.43925925925925924 0.0275 0.045925925925925926
0 0.07416666666666667 0.45259259259259255 0.03666666666666667 0.06666666666666667
0 0.04583333333333334 0.45185185185185184 0.03333333333333333 0.07111111111111111
0 0.7270833333333334 0.4422222222222222 0.0325 0.05481481481481481
0 0.7712500000000001 0.44370370370370366 0.0325 0.04296296296296296
0 0.8187500000000001 0.4237037037037037 0.037500000000000006 0.06814814814814814
0 0.8566666666666667 0.4496296296296296 0.030000000000000002 0.05481481481481481
0 0.8866666666666667 0.45925925925925926 0.045000000000000005 0.09481481481481481
0 0.9445833333333334 0.47703703703703704 0.05583333333333334 0.08888888888888888
0 0.91125 0.45185185185185184 0.030833333333333334 0.056296296296296296
