0 0.148 0.31785714285714284 0.088 0.17857142857142858
0 0.354 0.32321428571428573 0.092 0.18214285714285713
0 0.39 0.19642857142857142 0.032 0.06428571428571428
0 0.424 0.2464285714285714 0.032 0.05714285714285714
0 0.463 0.21964285714285714 0.038 0.06785714285714285
0 0.482 0.26071428571428573 0.036000000000000004 0.06428571428571428
0 0.5750000000000001 0.24464285714285713 0.082 0.18214285714285713
0 0.593 0.14285714285714285 0.042 0.08571428571428572
0 0.679 0.125 0.034 0.06428571428571428
0 0.708 0.19285714285714284 0.028 0.07142857142857142
0 0.8160000000000001 0.2357142857142857 0.088 0.19285714285714284
0 0.921 0.3 0.05 0.08571428571428572
0 0.972 0.15714285714285714 0.036000000000000004 0.08571428571428572
