0 0.08583333333333334 0.6020151133501259 0.10166666666666667 0.14609571788413098
0 0.18000000000000002 0.5654911838790931 0.060000000000000005 0.10831234256926951
0 0.25 0.6297229219143576 0.1 0.1561712846347607
0 0.2516666666666667 0.5491183879093199 0.05333333333333334 0.08564231738035265
0 0.34833333333333333 0.5982367758186398 0.06333333333333334 0.10327455919395466
0 0.3566666666666667 0.552896725440806 0.05 0.07808564231738035
0 0.43333333333333335 0.4080604534005038 0.043333333333333335 0.07556675062972291
0 0.4266666666666667 0.593198992443325 0.07333333333333333 0.17380352644836272
0 0.48333333333333334 0.5982367758186398 0.04666666666666667 0.07808564231738035
0 0.4766666666666667 0.5403022670025189 0.04666666666666667 0.08312342569269521
0 0.6325000000000001 0.6435768261964735 0.08166666666666667 0.15365239294710328
0 0.6016666666666667 0.5818639798488665 0.060000000000000005 0.10579345088161209
0 0.7175 0.5818639798488665 0.058333333333333334 0.0906801007556675
0 0.7691666666666667 0.5806045340050378 0.07166666666666667 0.11838790931989925
0 0.8600000000000001 0.654911838790932 0.11666666666666667 0.17632241813602015
