0 0.05615234375 0.33681073025335323 0.0888671875 0.15201192250372578
0 0.1689453125 0.3740685543964232 0.0703125 0.11028315946348734
0 0.2080078125 0.4120715350223547 0.01953125 0.05216095380029806
0 0.2197265625 0.4061102831594635 0.01953125 0.04918032786885246
0 0.2392578125 0.44187779433681074 0.033203125 0.05514157973174367
0 0.32958984375 0.4143070044709389 0.0634765625 0.09836065573770492
0 0.37255859375 0.3956780923994039 0.0458984375 0.08494783904619971
0 0.42333984375 0.4046199701937407 0.0458984375 0.08196721311475409
0 0.46337890625 0.4143070044709389 0.0341796875 0.06557377049180328
0 0.517578125 0.4195230998509687 0.037109375 0.06408345752608048
0 0.49267578125 0.4336810730253353 0.0244140625 0.041728763040238454
0 0.56103515625 0.4523099850968703 0.0185546875 0.043219076005961254
0 0.59521484375 0.4217585692995529 0.0341796875 0.06259314456035768
0 0.623046875 0.4463487332339791 0.01953125 0.03427719821162444
0 0.64208984375 0.44783904619970194 0.0244140625 0.046199701937406856
0 0.67626953125 0.45007451564828616 0.0302734375 0.041728763040238454
0 0.7119140625 0.44783904619970194 0.0234375 0.040238450074515646
0 0.73974609375 0.45081967213114754 0.0185546875 0.040238450074515646
0 0.76220703125 0.4493293591654247 0.0224609375 0.037257824143070044
