0 0.021562500000000002 0.4891666666666667 0.040625 0.125
0 0.0965625 0.5141666666666667 0.064375 0.08
0 0.1909375 0.4854166666666667 0.113125 0.14583333333333334
0 0.24281250000000001 0.4891666666666667 0.059375000000000004 0.12833333333333335
0 0.351875 0.5566666666666668 0.11125 0.14666666666666667
0 0.318125 0.4929166666666667 0.06125 0.08750000000000001
0 0.39875 0.5083333333333334 0.08125 0.12000000000000001
0 0.5053125 0.5116666666666667 0.063125 0.10333333333333335
0 0.54875 0.5358333333333334 0.08125 0.10500000000000001
0 0.6696875 0.5291666666666667 0.065625 0.09833333333333334
0 0.5040625 0.3866666666666667 0.036875 0.05666666666666667
