0 0.125 0.8640483383685801 0.226 0.2719033232628399
0 0.17 0.7673716012084593 0.20400000000000001 0.283987915407855
0 0.269 0.5876132930513596 0.10200000000000001 0.1661631419939577
0 0.362 0.6329305135951662 0.168 0.25075528700906347
0 0.457 0.5438066465256798 0.134 0.22356495468277945
0 0.483 0.23867069486404835 0.106 0.2175226586102719
0 0.651 0.5347432024169184 0.106 0.21148036253776434
0 0.742 0.8293051359516617 0.28400000000000003 0.32326283987915405
0 0.724 0.6706948640483383 0.176 0.23564954682779457
0 0.791 0.622356495468278 0.126 0.18126888217522658
0 0.769 0.5362537764350453 0.126 0.1661631419939577
0 0.6990000000000001 0.45770392749244715 0.134 0.16012084592145015
0 0.72 0.3731117824773414 0.092 0.11178247734138973
0 0.926 0.41389728096676737 0.08 0.12084592145015105
