0 0.11068376068376068 0.5911492734478203 0.08632478632478632 0.14663143989431968
0 0.16709401709401708 0.5587846763540291 0.1170940170940171 0.17437252311756934
0 0.22606837606837607 0.7404227212681638 0.14444444444444443 0.2575957727873184
0 0.31324786324786325 0.5422721268163805 0.07435897435897436 0.1202113606340819
0 0.38803418803418804 0.5495376486129459 0.08888888888888889 0.142668428005284
0 0.4705128205128205 0.583223249669749 0.12222222222222222 0.16248348745046234
0 0.6055555555555555 0.7060766182298547 0.15982905982905982 0.21532364597093792
0 0.6679487179487179 0.5099075297225891 0.07264957264957266 0.13210039630118892
0 0.8021367521367522 0.23645970937912814 0.09829059829059829 0.15587846763540292
0 0.9658119658119658 0.535667107001321 0.06837606837606838 0.12285336856010567
0 0.36495726495726494 0.1974900924702774 0.05982905982905983 0.11228533685601057
0 0.8884615384615384 0.8401585204755614 0.2230769230769231 0.31175693527080584
