0 0.05956678700361011 0.5094850948509485 0.06498194945848376 0.10298102981029811
0 0.21931407942238268 0.516260162601626 0.05956678700361011 0.11653116531165311
0 0.18231046931407943 0.497289972899729 0.04693140794223827 0.07859078590785908
0 0.2797833935018051 0.521680216802168 0.036101083032490974 0.06233062330623306
0 0.3772563176895307 0.45934959349593496 0.06498194945848376 0.10569105691056911
0 0.4729241877256318 0.4241192411924119 0.04693140794223827 0.08401084010840108
0 0.6064981949458484 0.5257452574525745 0.07581227436823106 0.12466124661246612
0 0.6931407942238268 0.5284552845528455 0.05776173285198556 0.08672086720867209
0 0.7554151624548737 0.502710027100271 0.0812274368231047 0.11653116531165311
0 0.9106498194945849 0.4986449864498645 0.04151624548736462 0.0975609756097561
