0 0.20031545741324921 0.4007042253521127 0.03943217665615142 0.08028169014084507
0 0.26774447949526814 0.2711267605633803 0.016561514195583597 0.035211267605633804
0 0.29219242902208203 0.25 0.014984227129337538 0.035211267605633804
0 0.3099369085173502 0.22042253521126762 0.012618296529968454 0.0323943661971831
0 0.33241324921135645 0.21619718309859157 0.01813880126182965 0.0323943661971831
0 0.32373817034700314 0.27887323943661974 0.021293375394321766 0.04225352112676056
0 0.3907728706624606 0.24859154929577465 0.01971608832807571 0.04084507042253521
0 0.41561514195583593 0.2577464788732394 0.02050473186119874 0.03943661971830986
0 0.39037854889589907 0.18661971830985916 0.014195583596214511 0.0323943661971831
0 0.40063091482649843 0.17535211267605635 0.014195583596214511 0.0323943661971831
0 0.42468454258675076 0.16126760563380282 0.01813880126182965 0.04084507042253521
0 0.42665615141955837 0.19507042253521129 0.01892744479495268 0.04084507042253521
0 0.44361198738170343 0.15704225352112677 0.013406940063091483 0.0323943661971831
0 0.46490536277602523 0.1563380281690141 0.014984227129337538 0.036619718309859155
0 0.4432176656151419 0.22816901408450704 0.01892744479495268 0.033802816901408454
0 0.48974763406940064 0.1267605633802817 0.012618296529968454 0.028169014084507043
0 0.49645110410094634 0.1880281690140845 0.013406940063091483 0.0323943661971831
0 0.4779179810725552 0.2084507042253521 0.022082018927444793 0.04225352112676056
0 0.5078864353312302 0.12816901408450704 0.011041009463722396 0.022535211267605635
0 0.5500788643533123 0.15281690140845072 0.01813880126182965 0.029577464788732397
0 0.5792586750788643 0.14507042253521127 0.01813880126182965 0.036619718309859155
0 0.5899053627760252 0.10352112676056338 0.015772870662460567 0.029577464788732397
0 0.6470820189274448 0.10845070422535212 0.013406940063091483 0.028169014084507043
0 0.623422712933754 0.12746478873239436 0.01813880126182965 0.02394366197183099
0 0.5347003154574133 0.18943661971830986 0.022082018927444793 0.03802816901408451
0 0.487776025236593 0.30281690140845074 0.021293375394321766 0.03943661971830986
0 0.5347003154574133 0.3035211267605634 0.026813880126182965 0.04647887323943662
0 0.5694006309148265 0.24295774647887325 0.017350157728706624 0.03802816901408451
0 0.6190851735015772 0.20140845070422536 0.025236593059936908 0.04507042253521127
0 0.6620662460567823 0.11619718309859156 0.013406940063091483 0.029577464788732397
0 0.6470820189274448 0.16549295774647887 0.01813880126182965 0.035211267605633804
0 0.6474763406940063 0.2063380281690141 0.022082018927444793 0.04647887323943662
0 0.6293375394321766 0.25 0.02365930599369085 0.04929577464788733
0 0.653391167192429 0.2626760563380282 0.022870662460567823 0.04366197183098592
0 0.6821766561514195 0.3098591549295775 0.028391167192429023 0.05915492957746479
0 0.6821766561514195 0.16126760563380282 0.014195583596214511 0.026760563380281693
0 0.6880914826498422 0.1943661971830986 0.021293375394321766 0.030985915492957747
0 0.7105678233438486 0.15492957746478875 0.015772870662460567 0.03943661971830986
0 0.7452681388012619 0.14507042253521127 0.017350157728706624 0.03943661971830986
0 0.7594637223974763 0.1267605633802817 0.02050473186119874 0.033802816901408454
0 0.7417192429022081 0.1823943661971831 0.01971608832807571 0.0323943661971831
0 0.7062302839116719 0.2126760563380282 0.016561514195583597 0.04225352112676056
0 0.7066246056782334 0.2859154929577465 0.02050473186119874 0.05070422535211268
0 0.7432965299684542 0.2183098591549296 0.01971608832807571 0.036619718309859155
0 0.7689274447949527 0.3450704225352113 0.026813880126182965 0.0647887323943662
0 0.7890378548895899 0.14084507042253522 0.013406940063091483 0.030985915492957747
0 0.7779968454258674 0.16901408450704225 0.011829652996845425 0.036619718309859155
0 0.7748422712933754 0.21408450704225354 0.02444794952681388 0.04507042253521127
0 0.807570977917981 0.22464788732394367 0.022082018927444793 0.05211267605633803
0 0.792981072555205 0.26690140845070426 0.021293375394321766 0.04929577464788733
0 0.7969242902208201 0.17464788732394368 0.014984227129337538 0.030985915492957747
0 0.8264984227129337 0.13521126760563382 0.012618296529968454 0.033802816901408454
0 0.8631703470031545 0.14507042253521127 0.013406940063091483 0.033802816901408454
0 0.8797318611987381 0.1915492957746479 0.013406940063091483 0.033802816901408454
0 0.8320189274447949 0.19507042253521129 0.017350157728706624 0.035211267605633804
0 0.8537066246056783 0.25422535211267605 0.021293375394321766 0.05774647887323944
0 0.8387223974763407 0.3211267605633803 0.021293375394321766 0.03943661971830986
0 0.9077287066246057 0.2605633802816902 0.02050473186119874 0.053521126760563385
0 0.8746056782334385 0.23450704225352115 0.02050473186119874 0.04929577464788733
0 0.5780757097791798 0.17464788732394368 0.02050473186119874 0.033802816901408454
0 0.6281545741324921 0.1443661971830986 0.014984227129337538 0.0323943661971831
