0 0.05416666666666667 0.4625 0.08166666666666667 0.145
0 0.21916666666666668 0.50125 0.06166666666666667 0.0925
0 0.2525 0.5 0.035 0.065
0 0.41583333333333333 0.5075000000000001 0.058333333333333334 0.095
0 0.37000000000000005 0.505 0.030000000000000002 0.05
0 0.4741666666666667 0.4925 0.03166666666666667 0.06
0 0.5091666666666667 0.4825 0.03833333333333334 0.07
0 0.5841666666666667 0.495 0.03833333333333334 0.07
0 0.6658333333333334 0.4825 0.058333333333333334 0.085
0 0.7958333333333334 0.42 0.035 0.055
