0 0.06464460784313725 0.49244281045751637 0.12683823529411764 0.3116830065359477
0 0.12775735294117646 0.25776143790849676 0.14276960784313725 0.20751633986928106
0 0.328125 0.4019607843137255 0.0784313725490196 0.14052287581699346
0 0.2705269607843137 0.4421977124183007 0.03370098039215686 0.051879084967320264
0 0.4232536764705882 0.4164624183006536 0.02542892156862745 0.034722222222222224
0 0.36917892156862747 0.43075980392156865 0.026348039215686275 0.05269607843137255
0 0.4457720588235294 0.4221813725490196 0.03308823529411765 0.0559640522875817
0 0.5102634803921569 0.4252450980392157 0.029105392156862746 0.05392156862745098
0 0.5768995098039216 0.3917483660130719 0.04718137254901961 0.06454248366013073
0 0.6145833333333334 0.4013480392156863 0.03431372549019608 0.06004901960784314
0 0.7374387254901961 0.42708333333333337 0.05759803921568627 0.1156045751633987
0 0.845281862745098 0.40155228758169936 0.15318627450980393 0.19281045751633988
0 0.9108455882352942 0.4511846405228758 0.06495098039215687 0.07148692810457516
