0 0.021621621621621623 0.3975 0.04054054054054054 0.095
0 0.11013513513513515 0.495 0.060810810810810814 0.13
0 0.15202702702702703 0.4475 0.03918918918918919 0.09
0 0.13108108108108107 0.37 0.03783783783783784 0.075
0 0.2608108108108108 0.41500000000000004 0.04054054054054054 0.095
0 0.24391891891891893 0.39875 0.041891891891891894 0.0975
0 0.2675675675675676 0.57125 0.11351351351351352 0.2225
0 0.3452702702702703 0.45625 0.06621621621621622 0.1375
0 0.43445945945945946 0.39375 0.041891891891891894 0.0925
0 0.5108108108108108 0.46375 0.062162162162162166 0.1225
0 0.568918918918919 0.39125 0.04864864864864865 0.0975
0 0.6851351351351351 0.18625 0.03513513513513514 0.0925
0 0.8243243243243243 0.27625 0.07837837837837838 0.1625
