0 0.043125000000000004 0.6158333333333333 0.07875 0.12166666666666667
0 0.144375 0.6816666666666668 0.12625 0.19333333333333336
0 0.238125 0.7833333333333334 0.15125 0.2066666666666667
0 0.27625 0.5541666666666667 0.0725 0.09166666666666667
0 0.17500000000000002 0.5675 0.05 0.065
0 0.379375 0.5883333333333334 0.08375 0.11
0 0.421875 0.5416666666666667 0.058750000000000004 0.08666666666666667
0 0.36562500000000003 0.35083333333333333 0.043750000000000004 0.07166666666666667
0 0.5337500000000001 0.6141666666666667 0.0625 0.11166666666666668
0 0.56375 0.6375000000000001 0.085 0.11833333333333335
0 0.5337500000000001 0.53 0.055 0.07
0 0.664375 0.5366666666666667 0.06375 0.09000000000000001
0 0.73 0.5708333333333334 0.0725 0.085
0 0.734375 0.6525000000000001 0.09625 0.135
0 0.755625 0.5325000000000001 0.04125 0.07500000000000001
0 0.8456250000000001 0.5316666666666667 0.04125 0.060000000000000005
0 0.8768750000000001 0.525 0.043750000000000004 0.06666666666666667
0 0.885625 0.5875 0.07625 0.10500000000000001
0 0.9606250000000001 0.5166666666666667 0.051250000000000004 0.060000000000000005
0 0.8175 0.7291666666666667 0.1075 0.16833333333333333
