0 0.097 0.5263157894736842 0.054 0.09868421052631579
0 0.134 0.6398026315789473 0.10400000000000001 0.15460526315789472
0 0.28700000000000003 0.5608552631578947 0.066 0.1282894736842105
0 0.38 0.5016447368421052 0.052000000000000005 0.10197368421052631
0 0.433 0.381578947368421 0.046 0.09210526315789473
0 0.41000000000000003 0.6842105263157894 0.088 0.13157894736842105
0 0.509 0.5427631578947368 0.054 0.09868421052631579
0 0.537 0.4934210526315789 0.046 0.08552631578947367
0 0.599 0.3782894736842105 0.05 0.10526315789473684
0 0.897 0.48355263157894735 0.058 0.09210526315789473
0 0.9530000000000001 0.6200657894736842 0.094 0.15460526315789472
