0 0.083 0.3453333333333333 0.042 0.050666666666666665
0 0.126 0.37866666666666665 0.044 0.064
0 0.156 0.344 0.028 0.042666666666666665
0 0.19 0.40399999999999997 0.04 0.06666666666666667
0 0.216 0.42266666666666663 0.052000000000000005 0.072
0 0.33 0.45866666666666667 0.092 0.10666666666666666
0 0.34 0.35466666666666663 0.036000000000000004 0.064
0 0.37 0.37066666666666664 0.036000000000000004 0.058666666666666666
0 0.443 0.3893333333333333 0.038 0.06933333333333333
0 0.526 0.3893333333333333 0.044 0.064
0 0.589 0.4013333333333333 0.042 0.07733333333333334
0 0.657 0.41466666666666663 0.042 0.07733333333333334
0 0.808 0.448 0.056 0.10133333333333333
0 0.873 0.49066666666666664 0.114 0.144
