0 0.09416666666666668 0.38625 0.045000000000000005 0.0825
0 0.07083333333333333 0.56375 0.03833333333333334 0.0575
0 0.08166666666666667 0.63 0.07 0.09
0 0.17 0.60875 0.04666666666666667 0.0675
0 0.19583333333333336 0.6975 0.07500000000000001 0.115
0 0.33 0.605 0.05333333333333334 0.09
0 0.25583333333333336 0.5375 0.04166666666666667 0.065
0 0.3225 0.5125 0.03833333333333334 0.055
0 0.36583333333333334 0.54 0.04166666666666667 0.065
0 0.3925 0.5325 0.035 0.07
0 0.3875 0.745 0.085 0.14
0 0.47250000000000003 0.63625 0.058333333333333334 0.0975
0 0.5116666666666667 0.57875 0.05 0.0675
0 0.53 0.525 0.04 0.055
0 0.6166666666666667 0.7000000000000001 0.060000000000000005 0.085
0 0.6516666666666667 0.595 0.05333333333333334 0.075
0 0.6391666666666667 0.5425 0.04166666666666667 0.06
0 0.795 0.57125 0.05 0.0725
0 0.8375 0.6012500000000001 0.065 0.0975
0 0.9375000000000001 0.5675 0.05166666666666667 0.08
