0 0.8786191536748329 0.3423728813559322 0.11358574610244988 0.20338983050847456
0 0.28507795100222716 0.7813559322033898 0.09799554565701558 0.15254237288135591
0 0.3730512249443207 0.7372881355932204 0.08240534521158129 0.13898305084745763
0 0.47884187082405344 0.711864406779661 0.06681514476614699 0.1288135593220339
0 0.5623608017817372 0.7186440677966102 0.04677060133630289 0.08813559322033898
0 0.611358574610245 0.6694915254237288 0.04677060133630289 0.0847457627118644
0 0.6380846325167038 0.623728813559322 0.024498886414253896 0.04067796610169491
0 0.6269487750556793 0.6 0.024498886414253896 0.04067796610169491
0 0.6492204899777283 0.5898305084745763 0.024498886414253896 0.04745762711864407
0 0.6726057906458797 0.6254237288135593 0.017817371937639197 0.04406779661016949
0 0.7227171492204899 0.6627118644067796 0.03340757238307349 0.0576271186440678
0 0.7438752783964365 0.6271186440677966 0.031180400890868595 0.06101694915254237
0 0.5723830734966592 0.5983050847457627 0.022271714922048998 0.04406779661016949
0 0.5467706013363028 0.5983050847457627 0.024498886414253896 0.03728813559322034
0 0.5534521158129175 0.5677966101694915 0.024498886414253896 0.03728813559322034
0 0.5267260579064588 0.6203389830508474 0.03340757238307349 0.06101694915254237
0 0.5155902004454342 0.5661016949152542 0.024498886414253896 0.04745762711864407
0 0.4688195991091314 0.5847457627118644 0.028953229398663696 0.04406779661016949
0 0.47995545657015587 0.5525423728813559 0.028953229398663696 0.04745762711864407
0 0.4420935412026726 0.5559322033898305 0.020044543429844096 0.04745762711864407
0 0.45434298440979953 0.5406779661016949 0.017817371937639197 0.03728813559322034
0 0.4142538975501113 0.5542372881355933 0.022271714922048998 0.04406779661016949
0 0.4309576837416481 0.5372881355932203 0.015590200445434297 0.03728813559322034
0 0.4142538975501113 0.5152542372881356 0.022271714922048998 0.03389830508474576
0 0.37861915367483295 0.5372881355932203 0.022271714922048998 0.030508474576271184
0 0.3775055679287305 0.5084745762711864 0.015590200445434297 0.03389830508474576
0 0.3463251670378619 0.5338983050847458 0.024498886414253896 0.030508474576271184
0 0.34075723830734966 0.5135593220338983 0.017817371937639197 0.03728813559322034
0 0.41870824053452116 0.6406779661016949 0.04008908685968819 0.07457627118644068
0 0.4576837416481069 0.6372881355932203 0.03340757238307349 0.06101694915254237
0 0.36971046770601335 0.6542372881355932 0.04008908685968819 0.05423728813559322
0 0.3240534521158129 0.6474576271186441 0.04677060133630289 0.07457627118644068
0 0.3285077951002227 0.5881355932203389 0.028953229398663696 0.05084745762711864
0 0.3585746102449888 0.5813559322033898 0.031180400890868595 0.0576271186440678
0 0.2873051224944321 0.5813559322033898 0.035634743875278395 0.05084745762711864
0 0.3062360801781737 0.5474576271186441 0.024498886414253896 0.05084745762711864
0 0.24276169265033407 0.5813559322033898 0.044543429844097995 0.06440677966101695
0 0.23496659242761692 0.6576271186440678 0.05567928730512249 0.09491525423728814
0 0.15478841870824053 0.6898305084745763 0.060133630289532294 0.10508474576271186
0 0.05011135857461024 0.6864406779661016 0.060133630289532294 0.10508474576271186
0 0.031180400890868595 0.5796610169491525 0.031180400890868595 0.08135593220338982
0 0.11358574610244988 0.5677966101694915 0.04008908685968819 0.06440677966101695
0 0.14365256124721604 0.5508474576271186 0.028953229398663696 0.06440677966101695
0 0.18151447661469933 0.6016949152542372 0.04677060133630289 0.0711864406779661
0 0.19599109131403117 0.5389830508474576 0.026726057906458794 0.04745762711864407
0 0.17706013363028952 0.5067796610169492 0.024498886414253896 0.05084745762711864
0 0.1948775055679287 0.5016949152542373 0.020044543429844096 0.04067796610169491
0 0.21380846325167036 0.4728813559322034 0.022271714922048998 0.03728813559322034
0 0.26948775055679286 0.5 0.022271714922048998 0.03728813559322034
0 0.2884187082405345 0.48474576271186437 0.015590200445434297 0.02711864406779661
0 0.3062360801781737 0.4966101694915254 0.015590200445434297 0.030508474576271184
0 0.30734966592427615 0.47966101694915253 0.013363028953229397 0.023728813559322035
0 0.2706013363028953 0.47627118644067795 0.015590200445434297 0.030508474576271184
0 0.1358574610244989 0.46779661016949153 0.026726057906458794 0.04067796610169491
0 0.11469933184855233 0.4542372881355932 0.020044543429844096 0.03389830508474576
0 0.07015590200445435 0.5254237288135593 0.042316258351893093 0.06779661016949153
0 0.05902004454342984 0.4728813559322034 0.028953229398663696 0.05084745762711864
0 0.028953229398663696 0.4661016949152542 0.022271714922048998 0.05084745762711864
