0 0.09165154264972776 0.21534653465346534 0.04900181488203267 0.06930693069306931
0 0.06715063520871144 0.35396039603960394 0.039927404718693285 0.06435643564356436
0 0.06533575317604355 0.44925742574257427 0.06896551724137931 0.10643564356435643
0 0.14791288566243194 0.375 0.05626134301270417 0.07673267326732673
0 0.11524500907441015 0.36386138613861385 0.038112522686025406 0.06930693069306931
0 0.12613430127041741 0.5742574257425742 0.0998185117967332 0.14356435643564355
0 0.22141560798548093 0.4096534653465347 0.06896551724137931 0.09653465346534654
0 0.3838475499092559 0.5099009900990099 0.0998185117967332 0.13861386138613863
0 0.3203266787658802 0.3353960396039604 0.038112522686025406 0.06188118811881188
0 0.26678765880217786 0.32673267326732675 0.032667876588021776 0.04950495049504951
0 0.22504537205081668 0.3056930693069307 0.032667876588021776 0.04207920792079208
0 0.367513611615245 0.32673267326732675 0.0308529945553539 0.04950495049504951
0 0.41197822141560797 0.36757425742574257 0.043557168784029036 0.07178217821782178
0 0.426497277676951 0.32673267326732675 0.032667876588021776 0.04950495049504951
0 0.4473684210526316 0.3069306930693069 0.02722323049001815 0.04455445544554455
0 0.49727767695099817 0.3378712871287129 0.03629764065335753 0.06188118811881188
0 0.4981851179673321 0.3032178217821782 0.0308529945553539 0.04702970297029703
0 0.5281306715063521 0.38242574257425743 0.050816696914700546 0.09158415841584158
0 0.5807622504537204 0.3094059405940594 0.032667876588021776 0.054455445544554455
0 0.6088929219600726 0.33663366336633666 0.038112522686025406 0.06435643564356436
0 0.6379310344827586 0.3650990099009901 0.05626134301270417 0.07673267326732673
0 0.6923774954627949 0.3378712871287129 0.038112522686025406 0.06188118811881188
0 0.7323049001814882 0.37376237623762376 0.045372050816696916 0.06435643564356436
0 0.7332123411978221 0.4566831683168317 0.06896551724137931 0.11138613861386139
0 0.8321234119782214 0.4282178217821782 0.05989110707803993 0.09900990099009901
0 0.8012704174228675 0.3626237623762376 0.038112522686025406 0.06683168316831684
0 0.7586206896551724 0.3069306930693069 0.032667876588021776 0.054455445544554455
0 0.8185117967332123 0.32054455445544555 0.039927404718693285 0.06683168316831684
0 0.8856624319419237 0.3131188118811881 0.043557168784029036 0.06683168316831684
0 0.9519056261343012 0.38613861386138615 0.05263157894736842 0.08415841584158416
0 0.956442831215971 0.34282178217821785 0.043557168784029036 0.05198019801980198
0 0.9863883847549909 0.3292079207920792 0.02722323049001815 0.06930693069306931
