0 0.16171875000000002 0.5070821529745043 0.0703125 0.1756373937677054
0 0.21640625000000002 0.5056657223796034 0.07968750000000001 0.1614730878186969
0 0.50625 0.56657223796034 0.09375 0.2322946175637394
0 0.6203125 0.5254957507082153 0.10625000000000001 0.2351274787535411
0 0.7375 0.36968838526912184 0.059375000000000004 0.1501416430594901
0 0.91796875 0.4135977337110482 0.0734375 0.1813031161473088
0 0.78671875 0.2662889518413598 0.0390625 0.07932011331444759
0 0.9859375 0.22521246458923513 0.028125 0.0708215297450425
0 0.9382812500000001 0.2719546742209632 0.0421875 0.0906515580736544
0 0.7156250000000001 0.2974504249291785 0.040625 0.08498583569405099
0 0.69453125 0.2776203966005666 0.0390625 0.1019830028328612
0 0.6171875 0.29603399433427763 0.046875 0.09348441926345609
0 0.54296875 0.3371104815864023 0.0421875 0.0906515580736544
0 0.39687500000000003 0.32011331444759206 0.05625 0.1246458923512748
0 0.47500000000000003 0.24079320113314448 0.034375 0.0679886685552408
0 0.3640625 0.2719546742209632 0.028125 0.0679886685552408
0 0.31484375000000003 0.25354107648725216 0.029687500000000002 0.0764872521246459
0 0.3359375 0.22521246458923513 0.03125 0.06515580736543909
0 0.35781250000000003 0.19688385269121814 0.028125 0.06515580736543909
0 0.31171875000000004 0.17422096317280453 0.029687500000000002 0.0481586402266289
0 0.20546875 0.2974504249291785 0.045312500000000006 0.07932011331444759
0 0.20703125 0.22946175637393768 0.0421875 0.0623229461756374
0 0.1453125 0.2747875354107649 0.040625 0.08498583569405099
0 0.06796875000000001 0.2776203966005666 0.045312500000000006 0.0679886685552408
0 0.015625 0.2662889518413598 0.028125 0.08498583569405099
