0 0.27486437613019893 0.6317934782608695 0.14828209764918626 0.22554347826086957
0 0.11482820976491862 0.5584239130434783 0.0922242314647378 0.16032608695652173
0 0.06329113924050633 0.4605978260869565 0.06871609403254973 0.11684782608695651
0 0.037070524412296565 0.40896739130434784 0.05244122965641953 0.08423913043478261
0 0.023508137432188065 0.3342391304347826 0.0325497287522604 0.05434782608695652
0 0.054249547920433995 0.34103260869565216 0.0325497287522604 0.057065217391304345
0 0.08227848101265822 0.3532608695652174 0.04159132007233273 0.059782608695652176
0 0.09945750452079566 0.33967391304347827 0.03616636528028933 0.06521739130434782
0 0.12477396021699819 0.389945652173913 0.039783001808318265 0.06793478260869565
0 0.14014466546112114 0.34375 0.034358047016274866 0.051630434782608696
0 0.16184448462929474 0.32608695652173914 0.027124773960216998 0.043478260869565216
0 0.20253164556962025 0.36141304347826086 0.0325497287522604 0.05434782608695652
0 0.20162748643761302 0.33695652173913043 0.027124773960216998 0.048913043478260865
0 0.19529837251356238 0.4171195652173913 0.05063291139240506 0.08423913043478261
0 0.24864376130198915 0.4266304347826087 0.05605786618444846 0.09239130434782608
0 0.2775768535262206 0.38179347826086957 0.045207956600361664 0.06793478260869565
0 0.26763110307414106 0.3532608695652174 0.0325497287522604 0.048913043478260865
0 0.33092224231464734 0.3858695652173913 0.039783001808318265 0.07608695652173914
0 0.31374321880650996 0.33016304347826086 0.027124773960216998 0.051630434782608696
0 0.33092224231464734 0.32065217391304346 0.0216998191681736 0.03804347826086957
0 0.35443037974683544 0.358695652173913 0.028933092224231464 0.05434782608695652
0 0.3652802893309222 0.33695652173913043 0.02531645569620253 0.043478260869565216
0 0.3779385171790235 0.3179347826086956 0.0216998191681736 0.03804347826086957
0 0.4086799276672694 0.34239130434782605 0.02531645569620253 0.048913043478260865
0 0.4430379746835443 0.35054347826086957 0.028933092224231464 0.048913043478260865
0 0.3996383363471971 0.4157608695652174 0.05786618444846293 0.09782608695652173
0 0.3743218806509946 0.4945652173913043 0.0759493670886076 0.125
0 0.5804701627486437 0.563858695652174 0.12658227848101267 0.20380434782608695
0 0.581374321880651 0.452445652173913 0.06329113924050633 0.10597826086956522
0 0.5461121157323688 0.4116847826086956 0.0433996383363472 0.0951086956521739
0 0.488245931283906 0.3451086956521739 0.0325497287522604 0.048913043478260865
0 0.4330922242314647 0.31929347826086957 0.019891500904159132 0.029891304347826088
0 0.45298372513562385 0.3138586956521739 0.023508137432188065 0.035326086956521736
0 0.49909584086799275 0.31114130434782605 0.018083182640144666 0.029891304347826088
0 0.5569620253164557 0.34239130434782605 0.028933092224231464 0.05434782608695652
0 0.5443037974683544 0.360054347826087 0.02531645569620253 0.04076086956521739
0 0.566003616636528 0.327445652173913 0.0216998191681736 0.04619565217391304
0 0.5786618444846293 0.31929347826086957 0.014466546112115732 0.029891304347826088
0 0.6952983725135624 0.44429347826086957 0.05605786618444846 0.12228260869565218
0 0.7938517179023508 0.5149456521739131 0.10126582278481013 0.18206521739130435
0 0.7784810126582278 0.8410326086956521 0.24773960216998192 0.3179347826086956
0 0.9213381555153707 0.375 0.0379746835443038 0.07608695652173914
0 0.9891500904159132 0.34239130434782605 0.0216998191681736 0.043478260869565216
0 0.9665461121157324 0.31114130434782605 0.027124773960216998 0.035326086956521736
0 0.9475587703435805 0.32065217391304346 0.0216998191681736 0.03260869565217391
0 0.8688969258589512 0.375 0.045207956600361664 0.07065217391304347
0 0.8806509945750451 0.3355978260869565 0.02531645569620253 0.04619565217391304
0 0.8942133815551537 0.31657608695652173 0.019891500904159132 0.04076086956521739
0 0.8634719710669078 0.31929347826086957 0.023508137432188065 0.04619565217391304
0 0.8426763110307414 0.32608695652173914 0.0216998191681736 0.043478260869565216
0 0.821880650994575 0.360054347826087 0.03074141048824593 0.0625
0 0.7920433996383364 0.3913043478260869 0.04701627486437613 0.07065217391304347
0 0.7522603978300181 0.360054347826087 0.039783001808318265 0.0625
0 0.7784810126582278 0.3328804347826087 0.027124773960216998 0.051630434782608696
0 0.7983725135623869 0.32608695652173914 0.023508137432188065 0.03804347826086957
0 0.7802893309222423 0.30978260869565216 0.019891500904159132 0.02717391304347826
0 0.7929475587703435 0.29483695652173914 0.019891500904159132 0.024456521739130432
0 0.7504520795660036 0.30978260869565216 0.0216998191681736 0.03804347826086957
0 0.7332730560578662 0.32065217391304346 0.019891500904159132 0.03260869565217391
0 0.7142857142857143 0.34239130434782605 0.02531645569620253 0.048913043478260865
0 0.6889692585895117 0.3328804347826087 0.0216998191681736 0.04076086956521739
0 0.6618444846292947 0.36277173913043476 0.0325497287522604 0.0625
0 0.6193490054249547 0.3668478260869565 0.027124773960216998 0.05434782608695652
0 0.6292947558770343 0.32608695652173914 0.02531645569620253 0.05434782608695652
0 0.6057866184448463 0.297554347826087 0.0216998191681736 0.04076086956521739
0 0.6672694394213381 0.31114130434782605 0.0216998191681736 0.035326086956521736
0 0.6916817359855334 0.3070652173913043 0.019891500904159132 0.02717391304347826
0 0.7115732368896925 0.3070652173913043 0.019891500904159132 0.03804347826086957
