0 0.024 0.4350453172205438 0.036000000000000004 0.07250755287009064
0 0.073 0.5317220543806647 0.042 0.06646525679758308
0 0.084 0.4818731117824773 0.036000000000000004 0.0634441087613293
0 0.137 0.46676737160120846 0.038 0.0634441087613293
0 0.183 0.46827794561933533 0.034 0.060422960725075525
0 0.18 0.5332326283987915 0.032 0.045317220543806644
0 0.197 0.5649546827794562 0.042 0.060422960725075525
0 0.234 0.49244712990936557 0.036000000000000004 0.060422960725075525
0 0.305 0.48036253776435045 0.034 0.07250755287009064
0 0.34900000000000003 0.46827794561933533 0.034 0.060422960725075525
0 0.394 0.5015105740181269 0.036000000000000004 0.06646525679758308
0 0.45 0.48036253776435045 0.036000000000000004 0.06646525679758308
0 0.48 0.4637462235649547 0.036000000000000004 0.0634441087613293
0 0.514 0.5045317220543807 0.036000000000000004 0.06646525679758308
0 0.55 0.4879154078549849 0.036000000000000004 0.05740181268882175
0 0.5720000000000001 0.540785498489426 0.036000000000000004 0.06646525679758308
0 0.617 0.5438066465256798 0.034 0.054380664652567974
0 0.604 0.49244712990936557 0.032 0.054380664652567974
0 0.662 0.513595166163142 0.028 0.04833836858006042
0 0.674 0.4652567975830816 0.032 0.06646525679758308
0 0.685 0.5558912386706949 0.038 0.060422960725075525
0 0.6990000000000001 0.5302114803625377 0.034 0.05740181268882175
0 0.726 0.5 0.032 0.0634441087613293
0 0.753 0.5302114803625377 0.03 0.05740181268882175
0 0.797 0.5347432024169184 0.038 0.060422960725075525
0 0.801 0.48942598187311176 0.034 0.054380664652567974
0 0.87 0.5226586102719033 0.036000000000000004 0.07250755287009064
