0 0.6738148984198645 0.4416666666666667 0.0474040632054176 0.09666666666666668
0 0.7471783295711061 0.7116666666666667 0.06772009029345372 0.09666666666666668
0 0.9661399548532731 0.895 0.06772009029345372 0.16333333333333333
0 0.5914221218961625 0.7200000000000001 0.07674943566591422 0.12666666666666668
0 0.5372460496613995 0.6733333333333333 0.05869074492099322 0.09333333333333334
0 0.44356659142212185 0.8116666666666668 0.09706546275395032 0.14333333333333334
0 0.43792325056433407 0.7000000000000001 0.07674943566591422 0.11333333333333334
0 0.36343115124153497 0.6416666666666667 0.06772009029345372 0.09666666666666668
0 0.22460496613995484 0.8783333333333334 0.12866817155756208 0.19
0 0.05079006772009029 0.8550000000000001 0.09706546275395032 0.17666666666666667
0 0.0857787810383747 0.6633333333333333 0.06772009029345372 0.1
0 0.19187358916478553 0.645 0.06320541760722347 0.09000000000000001
