0 0.10625 0.5341463414634147 0.08750000000000001 0.18536585365853658
0 0.021875000000000002 0.2634146341463415 0.04125 0.1024390243902439
0 0.22875 0.2890243902439024 0.0475 0.08536585365853659
0 0.32 0.41097560975609754 0.06 0.13902439024390245
0 0.319375 0.18414634146341463 0.03625 0.07073170731707316
0 0.450625 0.16951219512195123 0.03625 0.08048780487804878
0 0.476875 0.3573170731707317 0.04875 0.09024390243902439
0 0.53125 0.4634146341463415 0.0475 0.13658536585365855
0 0.605 0.4841463414634146 0.0525 0.11951219512195121
0 0.63875 0.41585365853658535 0.0325 0.09024390243902439
0 0.564375 0.21585365853658536 0.02125 0.06097560975609756
0 0.7000000000000001 0.21585365853658536 0.0275 0.07073170731707316
0 0.7875 0.39634146341463417 0.0475 0.0951219512195122
0 0.829375 0.22317073170731708 0.03375 0.07073170731707316
0 0.8925000000000001 0.30609756097560975 0.035 0.07073170731707316
0 0.936875 0.2682926829268293 0.02625 0.06829268292682927
