0 0.05625 0.4427767354596623 0.06 0.08630393996247655
0 0.13625 0.400562851782364 0.0325 0.058161350844277676
0 0.163125 0.41838649155722324 0.051250000000000004 0.0900562851782364
0 0.1975 0.38555347091932457 0.04 0.06566604127579738
0 0.245 0.4174484052532833 0.04 0.06191369606003752
0 0.280625 0.398686679174484 0.04125 0.058161350844277676
0 0.255 0.37617260787992496 0.025 0.04690431519699812
0 0.335625 0.3714821763602251 0.02875 0.05628517823639775
0 0.40750000000000003 0.4624765478424015 0.0625 0.09568480300187618
0 0.411875 0.4165103189493433 0.043750000000000004 0.06378986866791744
0 0.449375 0.39587242026266417 0.043750000000000004 0.075046904315197
0 0.506875 0.27392120075046905 0.02625 0.04878048780487805
0 0.52875 0.3714821763602251 0.04 0.06378986866791744
0 0.553125 0.4437148217636023 0.04625 0.07317073170731707
0 0.57625 0.3977485928705441 0.04 0.0675422138836773
0 0.620625 0.46810506566604126 0.06375 0.10694183864915573
0 0.6525 0.38649155722326456 0.0325 0.052532833020637895
0 0.68625 0.4146341463414634 0.0275 0.0450281425891182
0 0.72 0.42026266416510316 0.035 0.052532833020637895
0 0.7325 0.3893058161350844 0.03 0.043151969981238276
0 0.774375 0.3902439024390244 0.03875 0.0600375234521576
0 0.806875 0.43808630393996245 0.051250000000000004 0.06191369606003752
0 0.84375 0.43151969981238275 0.03 0.05628517823639775
0 0.950625 0.4915572232645403 0.07375 0.11632270168855535
0 0.9343750000000001 0.4277673545966229 0.06375 0.0900562851782364
