0 0.10234375000000001 0.35 0.11406250000000001 0.17708333333333334
0 0.174609375 0.26145833333333335 0.055468750000000004 0.0875
0 0.24453125 0.2817708333333333 0.0625 0.096875
0 0.35234375 0.2375 0.0390625 0.06875
0 0.401953125 0.41041666666666665 0.13515625 0.20625
0 0.45156250000000003 0.26197916666666665 0.043750000000000004 0.078125
0 0.515625 0.28020833333333334 0.078125 0.11875
0 0.566796875 0.3302083333333333 0.07421875 0.12083333333333333
0 0.6421875 0.44114583333333335 0.15000000000000002 0.228125
0 0.620703125 0.2505208333333333 0.03671875 0.06145833333333333
0 0.6734375 0.25729166666666664 0.051562500000000004 0.07708333333333334
0 0.755078125 0.3 0.08671875000000001 0.13958333333333334
0 0.8390625 0.29583333333333334 0.051562500000000004 0.09375
0 0.9640625 0.2661458333333333 0.05625 0.103125
0 0.94921875 0.5614583333333333 0.1015625 0.2375
