0 0.2078125 0.4297994269340974 0.146875 0.3151862464183381
0 0.53359375 0.4297994269340974 0.1296875 0.2922636103151862
0 0.6492187500000001 0.32091690544412604 0.06406250000000001 0.1318051575931232
0 0.8093750000000001 0.43553008595988535 0.096875 0.2464183381088825
0 0.9421875000000001 0.37392550143266473 0.084375 0.20916905444126074
0 0.984375 0.3123209169054441 0.03125 0.10888252148997134
0 0.8992187500000001 0.31948424068767906 0.0390625 0.0830945558739255
0 0.875 0.28796561604584525 0.034375 0.07163323782234957
0 0.7890625 0.09169054441260745 0.053125000000000006 0.1146131805157593
0 0.62109375 0.2593123209169054 0.029687500000000002 0.0830945558739255
0 0.578125 0.2464183381088825 0.025 0.05157593123209169
0 0.47578125000000004 0.2507163323782235 0.0234375 0.0659025787965616
0 0.44453125000000004 0.28796561604584525 0.0390625 0.09455587392550142
0 0.38906250000000003 0.2707736389684814 0.043750000000000004 0.10601719197707736
0 0.3359375 0.2822349570200573 0.059375000000000004 0.14040114613180515
0 0.30312500000000003 0.24785100286532952 0.034375 0.09455587392550142
0 0.27265625 0.24355300859598852 0.029687500000000002 0.06303724928366762
0 0.23984375000000002 0.2464183381088825 0.0421875 0.09742120343839542
0 0.18828125 0.2492836676217765 0.045312500000000006 0.08022922636103151
0 0.13671875 0.2621776504297994 0.0421875 0.10601719197707736
0 0.0859375 0.27507163323782235 0.07500000000000001 0.20057306590257878
0 0.041406250000000006 0.25501432664756446 0.045312500000000006 0.09169054441260745
0 0.022656250000000003 0.20916905444126074 0.029687500000000002 0.06303724928366762
0 0.21796875000000002 0.15472779369627507 0.0171875 0.040114613180515755
