0 0.0765625 0.35523613963039014 0.046875 0.06981519507186859
0 0.146875 0.3675564681724846 0.053125000000000006 0.07392197125256673
0 0.22265625 0.3726899383983573 0.0484375 0.07186858316221766
0 0.30546875 0.39117043121149897 0.035937500000000004 0.055441478439425054
0 0.28984375 0.37885010266940455 0.0421875 0.06776180698151951
0 0.36171875000000003 0.37885010266940455 0.035937500000000004 0.055441478439425054
0 0.3984375 0.39835728952772076 0.037500000000000006 0.053388090349075976
0 0.42500000000000004 0.35215605749486656 0.03125 0.051334702258726904
0 0.45156250000000003 0.3932238193018481 0.034375 0.059548254620123205
0 0.48671875000000003 0.3665297741273101 0.0421875 0.051334702258726904
0 0.5 0.4055441478439425 0.040625 0.055441478439425054
0 0.5421875 0.364476386036961 0.040625 0.051334702258726904
0 0.55703125 0.41067761806981523 0.035937500000000004 0.053388090349075976
0 0.6203125 0.39630390143737165 0.040625 0.06570841889117043
0 0.609375 0.3603696098562629 0.034375 0.055441478439425054
0 0.6531250000000001 0.38501026694045176 0.037500000000000006 0.059548254620123205
0 0.6742187500000001 0.4137577002053388 0.035937500000000004 0.04722792607802875
0 0.6820312500000001 0.3542094455852156 0.0328125 0.04722792607802875
0 0.72578125 0.4024640657084189 0.045312500000000006 0.06981519507186859
0 0.7156250000000001 0.37166324435318276 0.03125 0.049281314168377825
0 0.7507812500000001 0.3562628336755647 0.0328125 0.055441478439425054
0 0.78515625 0.3624229979466119 0.0421875 0.059548254620123205
0 0.82421875 0.3942505133470226 0.051562500000000004 0.07802874743326489
0 0.8851562500000001 0.38193018480492813 0.0421875 0.05749486652977413
