0 0.47000000000000003 0.15660377358490565 0.07 0.1471698113207547
0 0.1825 0.5056603773584906 0.09 0.13584905660377358
0 0.04 0.47924528301886793 0.075 0.12075471698113208
0 0.02 0.38113207547169814 0.035 0.09056603773584906
0 0.16875 0.35471698113207545 0.0375 0.06037735849056604
0 0.19875 0.3716981132075472 0.0375 0.06415094339622641
0 0.24875 0.4188679245283019 0.0525 0.09056603773584906
0 0.25375000000000003 0.3471698113207547 0.0325 0.04528301886792453
0 0.30125 0.3433962264150943 0.0325 0.06037735849056604
0 0.33625 0.36603773584905663 0.0425 0.06037735849056604
0 0.3525 0.41509433962264153 0.05 0.09056603773584906
0 0.36125 0.3320754716981132 0.0275 0.052830188679245285
0 0.37125 0.3132075471698113 0.0225 0.03018867924528302
0 0.53 0.5679245283018868 0.105 0.2
0 0.58625 0.47358490566037736 0.0725 0.1320754716981132
0 0.61625 0.4018867924528302 0.0475 0.09433962264150944
0 0.58625 0.33773584905660375 0.0275 0.05660377358490566
0 0.55625 0.3264150943396226 0.0225 0.06415094339622641
0 0.6587500000000001 0.36226415094339626 0.0375 0.0830188679245283
0 0.6950000000000001 0.33962264150943394 0.03 0.06037735849056604
0 0.76875 0.5 0.0825 0.1471698113207547
0 0.81375 0.6584905660377358 0.11750000000000001 0.23773584905660378
0 0.765 0.41509433962264153 0.06 0.07547169811320754
0 0.77875 0.35094339622641507 0.0425 0.06037735849056604
0 0.97875 0.36226415094339626 0.0425 0.07547169811320754
