0 0.06841046277665996 0.4533333333333333 0.03621730382293763 0.09777777777777778
0 0.0875251509054326 0.4711111111111111 0.03822937625754527 0.10666666666666666
0 0.11267605633802819 0.4955555555555556 0.044265593561368215 0.12
0 0.14185110663983905 0.5244444444444445 0.05835010060362174 0.12444444444444444
0 0.21931589537223342 0.54 0.06438631790744467 0.1288888888888889
0 0.289738430583501 0.62 0.07645875251509054 0.2
0 0.37826961770623746 0.6866666666666666 0.10865191146881288 0.26222222222222225
0 0.49698189134808857 0.7911111111111111 0.13682092555331993 0.3022222222222222
0 0.23541247484909458 0.4222222222222222 0.048289738430583505 0.09777777777777778
0 0.278672032193159 0.44222222222222224 0.03822937625754527 0.09333333333333334
0 0.32193158953722334 0.43333333333333335 0.03621730382293763 0.1111111111111111
0 0.36317907444668013 0.4622222222222222 0.03420523138832998 0.08888888888888889
0 0.3621730382293763 0.38222222222222224 0.03621730382293763 0.07111111111111111
0 0.3591549295774648 0.25333333333333335 0.03018108651911469 0.07111111111111111
0 0.45674044265593566 0.1688888888888889 0.024144869215291753 0.07111111111111111
0 0.47082494969818917 0.4911111111111111 0.044265593561368215 0.12
0 0.48792756539235416 0.42666666666666664 0.03420523138832998 0.08888888888888889
0 0.5010060362173039 0.38 0.028169014084507046 0.06666666666666667
0 0.5422535211267606 0.2733333333333333 0.026156941649899398 0.07555555555555556
0 0.40945674044265595 0.38666666666666666 0.03822937625754527 0.08
0 0.4456740442655936 0.40444444444444444 0.03420523138832998 0.07111111111111111
0 0.5553319919517103 0.5133333333333333 0.06841046277665996 0.15555555555555556
0 0.6579476861167003 0.5422222222222223 0.08048289738430583 0.19555555555555557
0 0.7857142857142858 0.5955555555555555 0.07847082494969819 0.21333333333333332
0 0.8289738430583502 0.4888888888888889 0.052313883299798795 0.12444444444444444
0 0.8682092555331993 0.41555555555555557 0.04225352112676057 0.12
0 0.8601609657947686 0.32666666666666666 0.04225352112676057 0.1111111111111111
0 0.8490945674044267 0.2777777777777778 0.03621730382293763 0.08444444444444445
0 0.8903420523138834 0.19555555555555557 0.03018108651911469 0.08
0 0.9446680080482898 0.20666666666666667 0.03018108651911469 0.07555555555555556
0 0.9557344064386318 0.28 0.05633802816901409 0.1511111111111111
0 0.9728370221327969 0.4888888888888889 0.05432595573440644 0.14222222222222222
0 0.7806841046277667 0.26666666666666666 0.03621730382293763 0.08
0 0.7917505030181087 0.20666666666666667 0.026156941649899398 0.07555555555555556
0 0.7253521126760564 0.3244444444444444 0.03822937625754527 0.09777777777777778
0 0.7354124748490947 0.27111111111111114 0.03018108651911469 0.07111111111111111
0 0.7082494969818914 0.4488888888888889 0.048289738430583505 0.1511111111111111
0 0.6116700201207244 0.43555555555555553 0.044265593561368215 0.09777777777777778
0 0.5905432595573441 0.3288888888888889 0.04225352112676057 0.10666666666666666
0 0.5543259557344065 0.39111111111111113 0.04627766599597586 0.10666666666666666
0 0.6297786720321932 0.24222222222222223 0.03219315895372234 0.09333333333333334
0 0.6629778672032194 0.21777777777777776 0.03018108651911469 0.07111111111111111
0 0.6830985915492959 0.2688888888888889 0.022132796780684107 0.07555555555555556
0 0.6589537223340041 0.3377777777777778 0.03822937625754527 0.10666666666666666
