0 0.09273182957393483 0.5760456273764258 0.06516290726817042 0.11026615969581749
0 0.12531328320802004 0.5475285171102662 0.06015037593984962 0.08365019011406843
0 0.15664160401002505 0.6273764258555133 0.08270676691729323 0.12167300380228137
0 0.23057644110275688 0.7680608365019012 0.16040100250626566 0.2509505703422053
0 0.23809523809523808 0.564638783269962 0.06015037593984962 0.08745247148288973
0 0.3483709273182957 0.591254752851711 0.08020050125313283 0.12547528517110265
0 0.4223057644110275 0.6863117870722434 0.08771929824561403 0.155893536121673
0 0.47619047619047616 0.5893536121673004 0.05513784461152882 0.09125475285171103
0 0.5438596491228069 0.6444866920152091 0.07017543859649122 0.10266159695817491
0 0.6228070175438596 0.5931558935361216 0.06766917293233082 0.10646387832699619
0 0.6766917293233082 0.31368821292775667 0.05012531328320802 0.07984790874524715
0 0.9172932330827067 0.6482889733840305 0.06516290726817042 0.12547528517110265
0 0.9523809523809523 0.7319391634980988 0.07518796992481203 0.1482889733840304
