0 0.1788256227758007 0.22148541114058354 0.04804270462633452 0.0663129973474801
0 0.24644128113879002 0.30238726790450926 0.037366548042704624 0.04774535809018567
0 0.22419928825622776 0.29045092838196285 0.02491103202846975 0.04509283819628647
0 0.3069395017793594 0.30503978779840846 0.04448398576512455 0.0636604774535809
0 0.3416370106761566 0.2891246684350132 0.02491103202846975 0.03183023872679045
0 0.38701067615658363 0.27586206896551724 0.023131672597864767 0.03713527851458886
0 0.3790035587188612 0.3090185676392573 0.03558718861209964 0.06100795755968169
0 0.4599644128113879 0.3196286472148541 0.05871886120996441 0.08753315649867374
0 0.4128113879003559 0.28779840848806365 0.02491103202846975 0.04509283819628647
0 0.5373665480427046 0.29310344827586204 0.021352313167259787 0.03978779840848806
0 0.5489323843416369 0.3262599469496021 0.02669039145907473 0.04774535809018567
0 0.6405693950177935 0.3222811671087533 0.03202846975088968 0.04509283819628647
0 0.6272241992882562 0.29310344827586204 0.019572953736654804 0.03978779840848806
0 0.6983985765124555 0.36339522546419095 0.0693950177935943 0.11140583554376657
0 0.7233096085409252 0.2917771883289125 0.030249110320284697 0.05305039787798408
0 0.7909252669039145 0.34880636604774534 0.055160142348754444 0.08222811671087532
