0 0.048 0.6346666666666666 0.044 0.06933333333333333
0 0.028 0.5773333333333334 0.036000000000000004 0.050666666666666665
0 0.055 0.5773333333333334 0.034 0.04533333333333333
0 0.11 0.6493333333333333 0.052000000000000005 0.07733333333333334
0 0.042 0.82 0.08 0.15733333333333333
0 0.158 0.5746666666666667 0.028 0.050666666666666665
0 0.192 0.6253333333333333 0.048 0.06133333333333333
0 0.234 0.6706666666666666 0.068 0.08266666666666667
0 0.20600000000000002 0.5733333333333334 0.032 0.042666666666666665
0 0.231 0.5613333333333334 0.03 0.04
0 0.253 0.6293333333333333 0.054 0.058666666666666666
0 0.294 0.6186666666666667 0.044 0.064
0 0.31 0.5813333333333334 0.028 0.03733333333333333
0 0.37 0.5773333333333334 0.032 0.050666666666666665
0 0.402 0.5786666666666667 0.02 0.032
0 0.561 0.49866666666666665 0.026000000000000002 0.026666666666666665
0 0.629 0.5986666666666667 0.038 0.050666666666666665
0 0.601 0.5733333333333334 0.022 0.026666666666666665
0 0.64 0.5479999999999999 0.024 0.029333333333333333
0 0.676 0.5706666666666667 0.028 0.032
0 0.719 0.5786666666666667 0.034 0.042666666666666665
0 0.68 0.6333333333333333 0.044 0.056
0 0.751 0.7 0.07 0.11466666666666667
0 0.8290000000000001 0.6506666666666666 0.054 0.06933333333333333
0 0.812 0.5893333333333333 0.036000000000000004 0.048
0 0.789 0.5813333333333334 0.03 0.05333333333333333
0 0.787 0.5546666666666666 0.026000000000000002 0.03733333333333333
0 0.848 0.5746666666666667 0.04 0.06133333333333333
0 0.882 0.58 0.032 0.050666666666666665
0 0.9530000000000001 0.5853333333333333 0.034 0.04533333333333333
0 0.924 0.6386666666666666 0.04 0.06133333333333333
0 0.917 0.572 0.026000000000000002 0.056
0 0.891 0.6786666666666666 0.054 0.072
0 0.969 0.7893333333333333 0.062 0.19733333333333333
