0 0.33166666666666667 0.34 0.023333333333333334 0.04
0 0.28250000000000003 0.7375 0.10833333333333334 0.20500000000000002
0 0.24583333333333335 0.595 0.085 0.13
0 0.13416666666666668 0.5475 0.06166666666666667 0.105
0 0.11750000000000001 0.46875 0.035 0.0675
0 0.09416666666666668 0.4575 0.028333333333333335 0.055
0 0.07666666666666667 0.44 0.03666666666666667 0.055
0 0.05333333333333334 0.43875000000000003 0.02666666666666667 0.0525
0 0.0175 0.495 0.03166666666666667 0.085
0 0.18083333333333335 0.4875 0.03833333333333334 0.06
0 0.2525 0.4575 0.035 0.06
0 0.2225 0.43625 0.028333333333333335 0.0475
0 0.24083333333333334 0.42625 0.028333333333333335 0.0425
0 0.2916666666666667 0.43625 0.02666666666666667 0.0475
0 0.31583333333333335 0.465 0.035 0.06
0 0.3425 0.4325 0.028333333333333335 0.04
0 0.3591666666666667 0.47625 0.04166666666666667 0.0575
0 0.40166666666666667 0.465 0.03666666666666667 0.055
0 0.3866666666666667 0.44 0.030000000000000002 0.045
0 0.4266666666666667 0.435 0.023333333333333334 0.045
0 0.45333333333333337 0.44 0.02666666666666667 0.05
0 0.4766666666666667 0.47000000000000003 0.03666666666666667 0.065
0 0.49500000000000005 0.4875 0.05 0.07
0 0.5075000000000001 0.6725 0.10500000000000001 0.155
0 0.4066666666666667 0.58 0.08 0.125
0 0.6475000000000001 0.5375 0.065 0.08
0 0.5983333333333334 0.46625 0.02666666666666667 0.0575
0 0.6325000000000001 0.4325 0.021666666666666667 0.045
0 0.6658333333333334 0.46625 0.035 0.0625
0 0.5958333333333333 0.4275 0.025 0.04
0 0.7783333333333334 0.70125 0.08333333333333334 0.1625
0 0.8383333333333334 0.63875 0.07666666666666667 0.1225
0 0.7400000000000001 0.4875 0.03333333333333333 0.055
0 0.7133333333333334 0.4325 0.02 0.035
0 0.6591666666666667 0.43125 0.025 0.0425
0 0.7341666666666667 0.43 0.025 0.04
0 0.765 0.42875 0.023333333333333334 0.0375
0 0.7841666666666667 0.43875000000000003 0.025 0.0425
0 0.8091666666666667 0.44875 0.028333333333333335 0.0525
0 0.8350000000000001 0.44375000000000003 0.023333333333333334 0.0375
0 0.8600000000000001 0.4375 0.023333333333333334 0.04
0 0.8658333333333333 0.51 0.04166666666666667 0.075
0 0.8591666666666667 0.47750000000000004 0.03833333333333334 0.05
0 0.9008333333333334 0.47500000000000003 0.03833333333333334 0.07
0 0.9475 0.46375 0.03166666666666667 0.0675
0 0.9716666666666667 0.47375 0.03666666666666667 0.0825
