0 0.14933333333333332 0.162 0.192 0.268
0 0.2853333333333333 0.326 0.05333333333333333 0.084
0 0.29466666666666663 0.276 0.029333333333333333 0.056
0 0.328 0.248 0.026666666666666665 0.048
0 0.37066666666666664 0.248 0.026666666666666665 0.056
0 0.38666666666666666 0.28800000000000003 0.032 0.064
0 0.42266666666666663 0.34 0.04533333333333333 0.07200000000000001
0 0.4453333333333333 0.268 0.032 0.056
0 0.5173333333333333 0.27 0.032 0.052000000000000005
0 0.6639999999999999 0.274 0.032 0.044
0 0.688 0.29 0.026666666666666665 0.068
0 0.7333333333333333 0.358 0.058666666666666666 0.108
0 0.8053333333333333 0.31 0.042666666666666665 0.076
0 0.836 0.304 0.029333333333333333 0.056
0 0.9413333333333334 0.396 0.08533333333333333 0.12
0 0.944 0.32 0.05333333333333333 0.088
0 0.824 0.52 0.13866666666666666 0.216
