0 0.2016666666666667 0.3775 0.03666666666666667 0.065
0 0.20500000000000002 0.34 0.030000000000000002 0.05
0 0.29500000000000004 0.38 0.03666666666666667 0.07
0 0.29000000000000004 0.5025000000000001 0.060000000000000005 0.105
0 0.36333333333333334 0.445 0.04666666666666667 0.09
0 0.3466666666666667 0.3375 0.03333333333333333 0.055
0 0.31 0.31 0.02666666666666667 0.05
0 0.43500000000000005 0.3025 0.043333333333333335 0.055
0 0.45333333333333337 0.3725 0.04 0.085
0 0.42500000000000004 0.26 0.030000000000000002 0.04
0 0.5066666666666667 0.23750000000000002 0.03333333333333333 0.055
0 0.5266666666666667 0.3925 0.05333333333333334 0.095
0 0.43333333333333335 0.6525 0.08666666666666667 0.155
0 0.6516666666666667 0.2425 0.043333333333333335 0.075
0 0.7733333333333334 0.3725 0.07333333333333333 0.145
0 0.9033333333333334 0.3325 0.06666666666666667 0.115
