0 0.07302231237322515 0.5222602739726027 0.08924949290060852 0.17465753424657532
0 0.02738336713995943 0.3561643835616438 0.04259634888438134 0.0821917808219178
0 0.09837728194726167 0.3595890410958904 0.04259634888438134 0.08904109589041095
0 0.15415821501014199 0.39383561643835613 0.060851926977687626 0.1095890410958904
0 0.10446247464503042 0.2996575342465753 0.030425963488843813 0.05136986301369863
0 0.1896551724137931 0.3184931506849315 0.030425963488843813 0.04794520547945205
0 0.550709939148073 0.535958904109589 0.07505070993914807 0.09931506849315068
0 0.48580121703853957 0.42123287671232873 0.05070993914807302 0.1095890410958904
0 0.4300202839756592 0.36472602739726023 0.032454361054766734 0.07191780821917808
0 0.3762677484787018 0.3390410958904109 0.04259634888438134 0.04794520547945205
0 0.4695740365111562 0.23116438356164382 0.034482758620689655 0.05136986301369863
0 0.4421906693711968 0.2089041095890411 0.02028397565922921 0.04794520547945205
0 0.526369168356998 0.26883561643835613 0.030425963488843813 0.04452054794520548
0 0.5608519269776876 0.3664383561643835 0.05070993914807302 0.0958904109589041
0 0.6419878296146044 0.4006849315068493 0.058823529411764705 0.10273972602739725
0 0.781947261663286 0.5410958904109588 0.08316430020283976 0.136986301369863
0 0.7606490872210954 0.43493150684931503 0.060851926977687626 0.0821917808219178
0 0.8367139959432048 0.4434931506849315 0.05070993914807302 0.07876712328767123
0 0.9594320486815415 0.48972602739726023 0.08113590263691683 0.17123287671232876
0 0.9432048681541582 0.3065068493150685 0.036511156186612576 0.06506849315068493
0 0.8935091277890467 0.2893835616438356 0.034482758620689655 0.04452054794520548
0 0.7890466531440162 0.3133561643835616 0.036511156186612576 0.03767123287671233
0 0.8073022312373225 0.2928082191780822 0.028397565922920892 0.03767123287671233
0 0.7434077079107505 0.2722602739726027 0.02636916835699797 0.030821917808219176
0 0.7068965517241379 0.2756849315068493 0.018255578093306288 0.03767123287671233
0 0.6440162271805274 0.2568493150684931 0.02231237322515213 0.03424657534246575
0 0.6075050709939148 0.297945205479452 0.034482758620689655 0.04794520547945205
0 0.565922920892495 0.273972602739726 0.02434077079107505 0.03424657534246575
0 0.34989858012170383 0.29623287671232873 0.02231237322515213 0.04452054794520548
0 0.3529411764705882 0.2705479452054794 0.02028397565922921 0.0410958904109589
0 0.39148073022312374 0.2791095890410959 0.02434077079107505 0.03767123287671233
0 0.4279918864097363 0.2722602739726027 0.02028397565922921 0.03767123287671233
