0 0.21171875 0.16481994459833796 0.11406250000000001 0.2853185595567867
0 0.35390625000000003 0.682825484764543 0.09531250000000001 0.16897506925207756
0 0.3203125 0.5789473684210527 0.07187500000000001 0.16066481994459833
0 0.25546875 0.9016620498614959 0.1453125 0.18559556786703602
0 0.484375 0.8850415512465374 0.15625 0.21329639889196675
0 0.5671875000000001 0.6717451523545707 0.12187500000000001 0.23545706371191136
0 0.45390625 0.5678670360110804 0.0703125 0.1440443213296399
0 0.31171875000000004 0.48753462603878117 0.0734375 0.10526315789473684
0 0.775 0.48337950138504154 0.10312500000000001 0.19113573407202217
0 0.8171875000000001 0.6662049861495845 0.109375 0.2520775623268698
0 0.8992187500000001 0.8337950138504155 0.1390625 0.22714681440443213
0 0.9695312500000001 0.6869806094182825 0.060937500000000006 0.1883656509695291
