0 0.08416666666666667 0.4475 0.058333333333333334 0.09
0 0.12250000000000001 0.36 0.03833333333333334 0.055
0 0.008333333333333333 0.2725 0.013333333333333334 0.04
0 0.17666666666666667 0.3875 0.04 0.09
0 0.17250000000000001 0.31875000000000003 0.03166666666666667 0.0525
0 0.16833333333333333 0.275 0.03333333333333333 0.045
0 0.21000000000000002 0.28375 0.02666666666666667 0.0425
0 0.23333333333333334 0.40875 0.05666666666666667 0.1075
0 0.2783333333333334 0.38 0.04 0.075
0 0.24750000000000003 0.33625 0.028333333333333335 0.0475
0 0.29000000000000004 0.32375 0.03333333333333333 0.0475
0 0.28500000000000003 0.275 0.030000000000000002 0.05
0 0.335 0.31875000000000003 0.030000000000000002 0.0575
0 0.35583333333333333 0.33 0.03166666666666667 0.06
0 0.3816666666666667 0.33 0.03333333333333333 0.055
0 0.36750000000000005 0.2725 0.025 0.045
0 0.4008333333333334 0.2125 0.028333333333333335 0.045
0 0.3666666666666667 0.41500000000000004 0.043333333333333335 0.085
0 0.39416666666666667 0.39125 0.035 0.0675
0 0.4525 0.39125 0.04166666666666667 0.0725
0 0.48833333333333334 0.41500000000000004 0.05 0.09
0 0.49500000000000005 0.33625 0.030000000000000002 0.0575
0 0.4633333333333334 0.31375000000000003 0.030000000000000002 0.0575
0 0.43583333333333335 0.315 0.03166666666666667 0.06
0 0.4525 0.22875 0.028333333333333335 0.0525
0 0.4866666666666667 0.225 0.023333333333333334 0.045
0 0.5141666666666667 0.23625000000000002 0.021666666666666667 0.0475
0 0.5333333333333333 0.32 0.030000000000000002 0.055
0 0.5216666666666667 0.28875 0.030000000000000002 0.0525
0 0.5683333333333334 0.23500000000000001 0.023333333333333334 0.04
0 0.5900000000000001 0.30875 0.030000000000000002 0.0525
0 0.5558333333333334 0.355 0.028333333333333335 0.065
0 0.5841666666666667 0.39 0.035 0.075
0 0.6358333333333334 0.4225 0.05166666666666667 0.09
0 0.6091666666666667 0.25 0.028333333333333335 0.045
0 0.5908333333333333 0.21 0.021666666666666667 0.04
0 0.6391666666666667 0.1925 0.028333333333333335 0.05
0 0.6591666666666667 0.24625 0.028333333333333335 0.0525
0 0.63 0.31875000000000003 0.02666666666666667 0.0625
0 0.6558333333333334 0.335 0.028333333333333335 0.06
0 0.7008333333333334 0.37625000000000003 0.03833333333333334 0.0775
0 0.7483333333333334 0.4425 0.05 0.09
0 0.7833333333333334 0.38375000000000004 0.03666666666666667 0.0625
0 0.7575000000000001 0.325 0.03833333333333334 0.07
0 0.8616666666666667 0.44375000000000003 0.060000000000000005 0.0975
