0 0.14833333333333334 0.5199600798403193 0.12333333333333334 0.28542914171656686
0 0.2754166666666667 0.2425149700598802 0.08583333333333334 0.22554890219560877
0 0.36000000000000004 0.19061876247504989 0.06333333333333334 0.22554890219560877
0 0.40875 0.1586826347305389 0.04916666666666667 0.15369261477045906
0 0.5033333333333334 0.11576846307385229 0.05166666666666667 0.12375249500998003
0 0.6391666666666667 0.10379241516966067 0.05666666666666667 0.14770459081836326
0 0.7266666666666667 0.1716566866267465 0.06166666666666667 0.1596806387225549
0 0.7770833333333333 0.18762475049900199 0.05916666666666667 0.15169660678642713
0 0.8087500000000001 0.24750499001996007 0.05416666666666667 0.15169660678642713
0 0.85875 0.3313373253493014 0.11083333333333334 0.26347305389221554
