0 0.225 0.5048543689320388 0.13108108108108107 0.2961165048543689
0 0.39594594594594595 0.8106796116504854 0.13783783783783785 0.2524271844660194
0 0.31081081081081086 0.3252427184466019 0.0945945945945946 0.20388349514563106
0 0.24662162162162163 0.08737864077669902 0.060810810810810814 0.1407766990291262
0 0.14527027027027029 0.3555825242718446 0.11216216216216217 0.22087378640776698
0 0.11351351351351352 0.1128640776699029 0.05675675675675676 0.10922330097087378
0 0.18243243243243246 0.27427184466019416 0.07837837837837838 0.16019417475728154
0 0.38851351351351354 0.2633495145631068 0.07702702702702703 0.16262135922330095
0 0.3432432432432433 0.057038834951456306 0.07027027027027027 0.10922330097087378
0 0.4425675675675676 0.050970873786407765 0.060810810810810814 0.09708737864077668
0 0.4891891891891892 0.28762135922330095 0.062162162162162166 0.13349514563106796
0 0.6351351351351352 0.2087378640776699 0.062162162162162166 0.13592233009708737
0 0.6608108108108108 0.12014563106796115 0.04864864864864865 0.08980582524271843
0 0.6324324324324324 0.0424757281553398 0.04594594594594595 0.08009708737864077
0 0.7391891891891892 0.05218446601941747 0.051351351351351354 0.09466019417475727
0 0.818918918918919 0.20631067961165048 0.05945945945945946 0.14563106796116504
0 0.870945945945946 0.17354368932038833 0.06351351351351352 0.14320388349514562
0 0.8256756756756757 0.058252427184466014 0.043243243243243246 0.09708737864077668
0 0.9256756756756758 0.06189320388349514 0.04864864864864865 0.10436893203883495
0 0.9628378378378379 0.16262135922330095 0.052702702702702706 0.1262135922330097
