0 0.2296334012219959 0.36837294332723947 0.06211812627291242 0.11882998171846434
0 0.44348268839103866 0.2230347349177331 0.02545824847250509 0.04753199268738574
0 0.46945010183299385 0.23948811700182815 0.02036659877800407 0.043875685557586835
0 0.5336048879837066 0.20383912248628885 0.02036659877800407 0.04570383912248629
0 0.6196537678207739 0.1992687385740402 0.021384928716904276 0.051188299817184646
0 0.6369653767820773 0.23308957952468007 0.02545824847250509 0.05301645338208409
0 0.680753564154786 0.2093235831809872 0.02545824847250509 0.05301645338208409
0 0.6715885947046842 0.17093235831809872 0.019348268839103868 0.04570383912248629
0 0.7158859470468432 0.18555758683729434 0.018329938900203666 0.038391224862888484
0 0.6894093686354378 0.2586837294332724 0.0285132382892057 0.04936014625228519
0 0.7275967413441955 0.3062157221206581 0.02545824847250509 0.05301645338208409
0 0.8238289205702647 0.2449725776965265 0.026476578411405292 0.054844606946983544
0 0.8701629327902239 0.24954296160877515 0.02545824847250509 0.05301645338208409
0 0.9073319755600814 0.31352833638025596 0.0285132382892057 0.06398537477148081
0 0.9378818737270875 0.3217550274223035 0.030549898167006106 0.06946983546617916
