0 0.12000000000000001 0.4177777777777778 0.04666666666666667 0.06666666666666667
0 0.21166666666666667 0.45 0.05333333333333334 0.08222222222222222
0 0.26666666666666666 0.3988888888888889 0.043333333333333335 0.06888888888888889
0 0.3358333333333334 0.43222222222222223 0.04833333333333334 0.07777777777777778
0 0.4191666666666667 0.40555555555555556 0.035 0.06
0 0.47250000000000003 0.41333333333333333 0.035 0.057777777777777775
0 0.43250000000000005 0.4866666666666667 0.06833333333333334 0.10222222222222223
0 0.6066666666666667 0.47444444444444445 0.09000000000000001 0.14
0 0.5275000000000001 0.38222222222222224 0.035 0.05333333333333333
0 0.5458333333333334 0.3622222222222222 0.03166666666666667 0.04888888888888889
0 0.5850000000000001 0.3877777777777778 0.03666666666666667 0.051111111111111114
0 0.7083333333333334 0.2677777777777778 0.04 0.05555555555555555
0 0.7016666666666667 0.43777777777777777 0.043333333333333335 0.06222222222222222
0 0.7875000000000001 0.43444444444444447 0.06833333333333334 0.11777777777777777
0 0.8058333333333334 0.38 0.04833333333333334 0.06666666666666667
0 0.9283333333333333 0.3877777777777778 0.05666666666666667 0.10888888888888888
