0 0.11357340720221606 0.3313782991202346 0.21606648199445982 0.2756598240469208
0 0.29085872576177285 0.25513196480938416 0.08310249307479224 0.09970674486803519
0 0.39196675900277006 0.2653958944281525 0.08033240997229917 0.0967741935483871
0 0.48337950138504154 0.24780058651026393 0.08033240997229917 0.10263929618768329
0 0.6357340720221607 0.2595307917888563 0.08587257617728532 0.11436950146627566
0 0.6232686980609419 0.1627565982404692 0.0664819944598338 0.08504398826979472
0 0.739612188365651 0.30058651026392963 0.09418282548476455 0.12023460410557185
0 0.7409972299168975 0.19941348973607037 0.06925207756232687 0.093841642228739
0 0.8601108033240997 0.2829912023460411 0.09695290858725762 0.12609970674486803
0 0.9542936288088643 0.17008797653958943 0.08033240997229917 0.09970674486803519
