0 0.04296875 0.4578125 0.084375 0.19479166666666667
0 0.079296875 0.4203125 0.08046875 0.11979166666666667
0 0.27773437500000003 0.4921875 0.08828125 0.13854166666666667
0 0.35625 0.30416666666666664 0.0859375 0.12291666666666666
0 0.531640625 0.3072916666666667 0.07890625000000001 0.12916666666666665
0 0.7074218750000001 0.4453125 0.14921875 0.21979166666666666
0 0.735546875 0.21822916666666667 0.05078125 0.08229166666666667
0 0.878515625 0.2765625 0.06328125 0.096875
0 0.85078125 0.4515625 0.1125 0.15520833333333334
0 0.900390625 0.6963541666666666 0.19140625 0.35104166666666664
