0 0.07042253521126761 0.31866197183098594 0.07511737089201878 0.10211267605633803
0 0.022300469483568074 0.25880281690140844 0.03990610328638498 0.06690140845070423
0 0.13262910798122066 0.28169014084507044 0.025821596244131457 0.04929577464788733
0 0.24530516431924884 0.2623239436619718 0.03051643192488263 0.0528169014084507
0 0.3626760563380282 0.23943661971830987 0.11502347417840376 0.2112676056338028
0 0.4178403755868545 0.2852112676056338 0.023474178403755867 0.04929577464788733
0 0.45892018779342725 0.28169014084507044 0.02112676056338028 0.04225352112676056
0 0.49295774647887325 0.30633802816901406 0.023474178403755867 0.04225352112676056
0 0.5234741784037559 0.2904929577464789 0.03755868544600939 0.0528169014084507
0 0.5387323943661972 0.2658450704225352 0.02112676056338028 0.03169014084507042
0 0.5962441314553991 0.2834507042253521 0.023474178403755867 0.0528169014084507
0 0.6091549295774648 0.2975352112676056 0.02112676056338028 0.03873239436619719
0 0.6561032863849765 0.2834507042253521 0.025821596244131457 0.045774647887323945
0 0.75 0.2711267605633803 0.13380281690140847 0.28169014084507044
0 0.8309859154929577 0.2711267605633803 0.028169014084507043 0.04929577464788733
0 0.8415492957746479 0.3098591549295775 0.03990610328638498 0.07042253521126761
0 0.9272300469483569 0.27816901408450706 0.03286384976525822 0.056338028169014086
0 0.9894366197183099 0.2975352112676056 0.02112676056338028 0.045774647887323945
