0 0.10818181818181818 0.5 0.056363636363636366 0.09536784741144413
0 0.20454545454545456 0.4877384196185286 0.04909090909090909 0.07629427792915532
0 0.27090909090909093 0.4931880108991825 0.05090909090909091 0.07084468664850135
0 0.33454545454545453 0.45640326975476836 0.025454545454545455 0.05722070844686648
0 0.3890909090909091 0.4359673024523161 0.02181818181818182 0.03814713896457766
0 0.41 0.45095367847411444 0.02 0.04632152588555858
0 0.42454545454545456 0.4305177111716621 0.016363636363636365 0.03814713896457766
0 0.4381818181818182 0.4100817438692098 0.025454545454545455 0.03542234332425068
0 0.47454545454545455 0.46185286103542234 0.02909090909090909 0.051771117166212535
0 0.47454545454545455 0.4373297002724795 0.02181818181818182 0.04087193460490463
0 0.5409090909090909 0.46185286103542234 0.023636363636363636 0.04632152588555858
0 0.37 0.6444141689373297 0.038181818181818185 0.06267029972752043
0 0.3981818181818182 0.6185286103542235 0.02909090909090909 0.05994550408719346
0 0.4990909090909091 0.6335149863760218 0.038181818181818185 0.07356948228882834
0 0.4990909090909091 0.5899182561307902 0.02727272727272727 0.04632152588555858
0 0.5827272727272728 0.600817438692098 0.02727272727272727 0.05722070844686648
0 0.6090909090909091 0.6239782016348774 0.04 0.0653950953678474
0 0.69 0.5844686648501363 0.034545454545454546 0.051771117166212535
0 0.7281818181818182 0.6307901907356948 0.034545454545454546 0.051771117166212535
0 0.13454545454545455 0.779291553133515 0.11636363636363636 0.16893732970027248
0 0.8336363636363636 0.48501362397820164 0.038181818181818185 0.08174386920980926
0 0.9045454545454545 0.46730245231607626 0.056363636363636366 0.08991825613079019
0 0.6936363636363636 0.4713896457765667 0.023636363636363636 0.049046321525885554
0 0.6672727272727272 0.45640326975476836 0.02181818181818182 0.051771117166212535
0 0.6472727272727272 0.4523160762942779 0.01818181818181818 0.03814713896457766
0 0.6318181818181818 0.43869209809264303 0.02 0.043596730245231606
0 0.6190909090909091 0.4305177111716621 0.023636363636363636 0.03814713896457766
0 0.6 0.45640326975476836 0.025454545454545455 0.04632152588555858
0 0.5836363636363636 0.4523160762942779 0.02181818181818182 0.03814713896457766
