0 0.15436893203883495 0.6785714285714286 0.18058252427184465 0.29220779220779225
0 0.04757281553398058 0.06655844155844157 0.06407766990291262 0.11363636363636365
0 0.1320388349514563 0.12175324675324677 0.031067961165048542 0.0551948051948052
0 0.029126213592233007 0.1038961038961039 0.03495145631067961 0.05194805194805195
0 0.31165048543689317 0.125 0.040776699029126215 0.06818181818181819
0 0.3359223300970874 0.2288961038961039 0.031067961165048542 0.0551948051948052
0 0.2543689320388349 0.38311688311688313 0.08932038834951456 0.16883116883116883
0 0.3815533980582524 0.2824675324675325 0.05242718446601941 0.1168831168831169
0 0.4174757281553398 0.12175324675324677 0.03495145631067961 0.07467532467532469
0 0.4893203883495145 0.275974025974026 0.038834951456310676 0.07142857142857144
0 0.47378640776699027 0.36363636363636365 0.07766990291262135 0.16233766233766234
0 0.529126213592233 0.2353896103896104 0.029126213592233007 0.07467532467532469
0 0.5844660194174757 0.2694805194805195 0.05048543689320388 0.08441558441558442
0 0.5776699029126213 0.21753246753246755 0.033009708737864074 0.06493506493506494
0 0.6660194174757281 0.25811688311688313 0.03495145631067961 0.09415584415584416
0 0.7281553398058253 0.37662337662337664 0.08932038834951456 0.15584415584415584
0 0.7961165048543689 0.23701298701298704 0.027184466019417475 0.05844155844155845
0 0.8087378640776699 0.137987012987013 0.02524271844660194 0.061688311688311695
0 0.8495145631067961 0.24350649350649353 0.040776699029126215 0.09090909090909091
0 0.8834951456310679 0.22564935064935066 0.03495145631067961 0.06818181818181819
0 0.9174757281553397 0.26785714285714285 0.04854368932038835 0.08116883116883117
0 0.8941747572815534 0.3733766233766234 0.07572815533980583 0.14935064935064937
0 0.8893203883495145 0.6136363636363636 0.15922330097087378 0.3116883116883117
