0 0.71640625 0.13472222222222222 0.0890625 0.17500000000000002
0 0.25390625 0.5180555555555556 0.0390625 0.075
0 0.16328125000000002 0.9069444444444444 0.11093750000000001 0.17500000000000002
0 0.08828125 0.8652777777777778 0.0859375 0.14722222222222223
0 0.10312500000000001 0.7569444444444444 0.059375000000000004 0.11944444444444445
0 0.03515625 0.6722222222222223 0.0484375 0.08333333333333334
0 0.15078125 0.6972222222222223 0.051562500000000004 0.07777777777777778
0 0.10390625 0.6736111111111112 0.0484375 0.08611111111111111
0 0.35546875 0.6027777777777777 0.0390625 0.061111111111111116
0 0.35859375000000004 0.6625 0.0421875 0.058333333333333334
0 0.41640625000000003 0.6277777777777778 0.035937500000000004 0.05555555555555556
0 0.48281250000000003 0.5944444444444444 0.034375 0.07222222222222223
0 0.55390625 0.6263888888888889 0.0390625 0.075
0 0.58359375 0.725 0.051562500000000004 0.07777777777777778
0 0.62421875 0.8027777777777778 0.07968750000000001 0.11666666666666667
0 0.78515625 0.7208333333333333 0.0546875 0.125
0 0.95625 0.7972222222222223 0.08750000000000001 0.18888888888888888
0 0.9234375 0.5069444444444444 0.07187500000000001 0.125
0 0.76484375 0.6361111111111112 0.0484375 0.07777777777777778
0 0.7828125 0.5888888888888889 0.03125 0.06666666666666667
0 0.8171875000000001 0.5958333333333333 0.03125 0.08055555555555556
0 0.52265625 0.6972222222222223 0.045312500000000006 0.07777777777777778
0 0.6140625000000001 0.5986111111111111 0.037500000000000006 0.08055555555555556
0 0.5921875 0.6375000000000001 0.040625 0.075
0 0.5750000000000001 0.5930555555555556 0.034375 0.05277777777777778
0 0.47578125000000004 0.675 0.045312500000000006 0.061111111111111116
0 0.4625 0.6319444444444444 0.037500000000000006 0.0638888888888889
0 0.4234375 0.7027777777777778 0.05 0.07777777777777778
